    4300,    5100,   25600,    4300,    1000,    4280,    4200,   25720,    4220,     840,
    1000,    4100,   25900,     800,    4300,    1060,    3860,   25800,     760,    2800,
    1100,    5100,   25700,     700,    4100,    1080,    4180,   25900,     760,    3200,
    4400,     500,   26100,    2900,    2800,    4560,     780,   26000,    3260,    3140,
    1100,    3300,   26100,     800,     800,    1684,    3740,   26060,     840,     800,
    1100,    1000,   25700,    4100,    4600,    1080,     980,   25860,    4160,    4160,
     800,    1100,   26100,    3300,    4400,    1080,    1040,   25920,    3240,    3260,
    4100,     700,   26100,     700,    4400,    4280,     840,   25980,     780,    4100,
    4400,     700,   25700,    2900,     700,    4400,     880,   25920,    3180,     780,
    4600,    3300,   25700,     700,    4800,    4540,    3880,   25820,     860,    4100,
    5100,    2900,   25700,    2800,    2800,    5080,    2940,   25820,    3360,    3100,
    1000,    3600,   25600,    3100,     800,    1080,    4200,   26040,    3500,     800,
    1100,    3300,   25700,    1000,    4600,    1140,    3920,   25920,     800,    3980,
    4900,    3400,   25900,    2900,     700,    4580,    3680,   25880,    3460,     820,
    4300,    5100,   26100,    4300,    1000,    4400,    4020,   25820,    4160,     960,
    1100,    1000,   25900,    4800,     700,    1100,     980,   26020,    4280,     860,
    4600,    3600,   25900,    3900,    4800,    4400,    3900,   25900,    3900,    4320,
    4100,     700,   26100,    4300,    4100,    4360,     860,   25820,    4140,    4140,
    1100,    3300,   26200,     700,     700,    1060,    3680,   26120,     720,     780,
    4400,    3800,   25600,    4300,    4300,    4580,    3920,   25660,    3620,    2500,
    1100,    3400,   26200,     800,    4400,    1020,    3380,   26020,     780,    4240,
    3900,    1000,   25700,    3300,    4400,    4300,     900,   25860,    3540,    3820,
    5200,    3600,   25900,    4600,    5100,    5100,    3680,   25600,    4660,    4320,
    4600,    3100,   26100,     800,    4300,    4320,    3500,   25940,     920,    4020,
    4600,    3100,   26100,    1000,     800,    4480,    3420,   25940,     920,     800,
    4800,    5100,   26200,     800,    1000,    4580,    4020,   26080,     920,     780,
    1000,    1000,   26200,    3100,     800,    1100,     860,   25980,    3380,    2660,
    1100,    3800,   26200,    3300,    4300,    1120,    4020,   25960,    3140,    3160,
     800,     800,   26400,     700,    1000,    1000,     980,   26040,     760,     960,
     800,    1100,   25600,    3100,     800,    1020,     920,   25800,    3580,     880,
    4400,    4600,   25900,    3900,     800,    5575,    3860,   25840,    3640,     780,
    1100,    1000,   26100,    4100,    4800,    1180,     920,   26120,    3880,    4080,
    4800,     800,   26100,    3100,    2800,    4700,     880,   25920,    3140,    2760,
    1500,    1000,   25700,    3100,     700,    1140,     900,   26060,    3280,     740,
    4300,    1000,   26100,    4400,     700,    4520,    1000,   25960,    4340,     860,
    4800,    1000,   26200,    2900,     800,    4440,     940,   26060,    3240,     880,
    3400,    3300,   25900,    3600,    3900,    4160,    3820,   25780,    3280,    3460,
    4800,    3600,   25600,    1000,    1000,    5358,    3860,   25900,     780,     860,
    1000,    1000,   25900,     800,    3100,    2137,     920,   26000,     800,    2980,
    4800,    3400,   26100,     700,    2600,    4560,    3420,   25760,     820,    3420,
    4100,    5100,   25400,     700,    4100,    4400,    3820,   25780,     840,    3520,
    4900,    1100,   25600,     800,    4600,    4660,     960,   26000,     760,    3280,
    4600,     800,   26200,    3300,     700,    5743,     820,   25920,    3200,     780,
    4400,    4900,   26100,    3100,    2600,    5525,    4020,   25760,    3680,    3560,
    1100,    5200,   26100,    3100,    2900,    1120,    3960,   25960,    3560,    3880,
    4600,    5100,   26100,     800,    2900,    5092,    4060,   25920,     800,    3580,
    4100,    4900,   26100,     700,    4100,    4300,    4360,   25980,     820,    4060,
    4800,    1000,   25700,    1000,    4300,    4740,     920,   25680,     860,    3060,
    1100,    3600,   26100,    1000,    4800,    1100,    3980,   26060,     860,    3740,
    4600,    5100,   26100,    2900,    2800,    4500,    4200,   25940,    3540,    3400,
    4800,    4400,   26200,     800,    1000,    5663,    3980,   26120,     780,     920,
    4400,     800,   25900,     800,     800,    5568,     920,   25880,     740,     840,
    3600,    5100,   25700,    4300,    3900,    4180,    3900,   25600,    4140,    3820,
    1500,    1000,   26400,     800,     700,    1300,     960,   26280,     840,     880,
    1300,    5100,   26200,    1000,     700,    1160,    4080,   26100,     800,     740,
    1100,    3100,   26200,    4300,     700,    1040,    3600,   25820,    3660,     880,
    4100,    5100,   25900,     700,     700,    4320,    3960,   25980,     800,     840,
    4600,    1000,   26100,     800,    4600,    4420,    1020,   26020,     800,    4160,
    1300,    5100,   25600,     800,    4100,    1140,    4300,   25880,     860,    3880,
    4600,    1000,   26100,    4300,     700,    5873,     980,   25960,    3440,     840,
     800,     700,   26400,     700,    1000,    1040,     900,   26080,     740,     840,
    3800,    2800,   25700,    3800,    4300,    4540,    3400,   25540,    4140,    4180,
     800,     800,   25700,    1000,     700,    1060,     840,   25980,     960,     800,
    1100,    5100,   25600,    4300,     800,    1080,    4380,   25780,    3540,     860,
    1000,    3800,   25900,    4100,    1000,    1080,    2060,   25940,    3880,     920,
    4400,    3400,   25200,    4800,    4100,    4440,    3080,   25460,    4640,    4200,
    5100,    1000,   26200,     800,    1000,    4940,     980,   26080,     880,     920,
    1000,    4600,   25900,    3100,    3400,    1080,    4020,   25920,    3580,    1400,
    4300,    3100,   25600,     800,     800,    4380,    4020,   25940,     820,     880,
    1100,    1000,   26200,    3100,     800,    2500,     920,   26080,    3260,     840,
    4400,    5100,   26200,    1000,     700,    4280,    4120,   26040,     860,     880,
    4300,     800,   26200,    1000,    3900,    5699,     840,   26020,     880,    3240,
    4600,    1000,   25400,    4100,    4100,    5272,     920,   25820,    3540,    3640,
    4300,     800,   25400,    1000,    4300,    4320,     880,   25720,     940,    4060,
    4100,     700,   25600,    4400,     800,    4380,     840,   25800,    3760,     820,
    1100,    3400,   25700,    3900,    4600,    1120,    4060,   25900,    4100,    4320,
    4400,     800,   25600,     800,    2800,    4320,     940,   25780,     840,    3940,
    4100,     800,   25700,    1000,     700,    4300,     900,   25780,     880,     860,
    4600,    4900,   26100,    2900,    1000,    4560,    4380,   26100,    3020,     860,
    4900,    1000,   25600,    2900,    1000,    4780,     860,   25900,    3700,     900,
    4300,    5100,   25600,    4300,    3900,    4420,    4300,   25720,    3340,    3100,
    1100,    5100,   26200,     700,    2800,    1040,    4060,   26140,     820,    3260,
    1000,     800,   25600,    4300,    1000,    1120,     960,   25900,    4300,     920,
    4600,     700,   26100,     800,    2600,    4460,     920,   26040,     780,    3820,
    1300,    1000,   25600,    3100,     800,    1260,     800,   25880,    3100,     800,
    4100,    1100,   25400,    4300,    1000,    4420,    1000,   25740,    3680,     880,
    4600,    3400,   25600,    3100,    2600,    4360,    4180,   25680,    3980,    3700,
    4600,    5100,   26200,    2900,    1000,    4600,    3920,   25900,    3340,     940,
    4800,    3400,   25600,    4100,     700,    4400,    3480,   25920,    4220,     760,
    4800,    1000,   25600,    2900,    1000,    4540,     900,   25940,    3200,     840,
    4600,    3100,   25600,     800,     700,    4440,    3640,   25920,     840,     860,
    4400,    1100,   25600,    4100,    2600,    4360,     960,   25740,    4140,    3800,
    4800,    3400,   25700,    3100,    2800,    5334,    3580,   25660,    3780,    3800,
    4100,    5100,   25900,     800,    1000,    4340,    4840,   25880,     800,     900,
    4400,    5200,   25700,    3900,    4100,    4520,    4140,   25800,    3260,    3200,
    1100,    1000,   25900,    4600,    1000,    1180,     960,   26040,    4140,     920,
    4600,    3600,   26200,    3100,     700,    4560,    4340,   25940,    3020,     780,
    4100,    1000,   25900,     800,    4300,    4260,     960,   26100,     820,    4180,
    1300,    1000,   26100,    3300,    4400,    1180,     800,   26040,    3320,    3240,
    4400,    3300,   25600,     700,    4800,    4320,    3760,   25820,     860,    3960,
    1100,    1000,   25900,     800,    4800,    1080,     920,   26000,     820,    3560,
    4300,    3600,   26100,    2900,    2600,    4300,    3660,   25900,    3600,    3640,
    4900,    3300,   25100,    4400,    2900,    4840,    3900,   25500,    4060,    3620,
    4800,     800,   26100,     700,    2800,    4760,     820,   26120,     800,    2820,
    4800,     700,   26100,     800,    4600,    4480,     860,   25860,     820,    4020,
    1100,    5200,   26100,    3100,     700,    1260,    3920,   25800,    3660,     840,
    1000,    5100,   25600,     700,     700,    1120,    4220,   25920,     840,     740,
    1100,     800,   26200,     800,    4300,    2130,     920,   26160,     780,    3260,
    1100,    1000,   26100,    4600,     800,    1060,     980,   26020,    4000,     840,
    4400,    3400,   25600,    3900,     800,    4540,    3700,   25880,    2760,     780,
    1100,     700,   26200,    3800,    2600,    1849,     840,   26060,    3740,    3560,
    1100,    3300,   26200,    3100,     800,    1120,    3640,   26060,    3480,     720,
    1100,    5100,   26200,    4400,    1000,    1100,    4040,   26120,    3920,     800,
    4600,    2900,   25600,    4800,    4100,    4680,    3660,   25600,    4580,    4120,
    1100,    1000,   26200,    3300,    2600,    1180,     880,   26000,    4040,    3760,
    4600,     700,   25700,     700,    1000,    5372,     820,   26060,     820,     820,
    1100,    3600,   26100,     800,     800,    1100,    3760,   25920,     840,    2840,
    1300,     700,   26100,    3900,    1000,    1220,    3360,   26100,    3640,     880,
    4600,    1000,   26200,     800,    2600,    4360,     860,   25800,     820,    3760,
    1300,    1000,   26100,     800,    4800,    1260,     900,   26040,     780,    3240,
    1100,    3300,   26200,     700,     800,    1060,    3700,   26200,     760,     820,
    4600,    4900,   25600,    3100,     700,    5468,    3980,   25900,    3600,     900,
    1100,    3300,   26200,    4300,    1000,    1140,    3880,   25920,    4100,    3340,
    4800,     800,   26200,     800,     800,    4240,     880,   25900,     880,     920,
    4800,    3600,   25400,    4400,    2500,    4600,    3800,   25560,    3820,    3440,
    1000,     700,   26200,    4100,    4600,    1020,     900,   25940,    4140,    4260,
     800,    5100,   26100,    3100,     800,    1060,    4080,   25960,    3900,     840,
    4800,    5100,   26200,     800,     700,    4640,    3920,   26060,     800,     780,
    1300,    5200,   26100,     800,    1000,    1260,    3800,   25860,     780,     960,
    1000,     700,   25400,    3100,    2600,    1160,     800,   25900,    3440,    3600,
    4600,     700,   25400,    3100,    2600,    4560,     880,   25840,    3140,    3100,
    1100,     800,   25600,     800,    2600,    1160,     920,   25840,     760,    3680,
    1100,    3300,   25900,    3100,     800,    1140,    3560,   25760,    3700,     860,
    4400,    3600,   25600,    4300,     700,    5518,    3860,   25700,    3780,    2680,
    1000,     700,   25700,     700,     700,    1080,     820,   25820,     820,     860,
    4100,    5100,   25600,    4300,    4100,    4420,    4240,   25640,    3340,    3220,
    4300,    3400,   25900,    4300,     700,    4300,    4400,   25960,    4300,     860,
    4600,    3100,   25600,    4300,    1000,    4380,    3560,   25740,    3640,     920,
    4400,    5100,   25900,    3100,    2800,    4420,    3780,   25920,    3800,    3680,
    4100,    5100,   25600,    4300,     700,    4360,    3960,   25860,    3820,     820,
    1300,    3400,   26100,    3900,    2600,    1140,    3520,   25900,    4060,    3760,
    4100,    1000,   26100,    3400,    4300,    4200,     860,   25940,    4040,    4140,
    4100,    5100,   25700,     800,     800,    4400,    3900,   26000,     760,     820,
    1300,    3900,   25900,     800,    1000,    1220,    3860,   26100,    2420,     800,
    4400,    3100,   25700,    4400,    4300,    4740,    3140,   25560,    4520,    4520,
    4900,    3400,   25400,    2100,    2500,    4600,    3480,   25480,    2920,    3120,
    1100,     800,   26200,    3900,    2600,    1140,     940,   26100,    3880,    3800,
    1100,     800,   26200,    3800,    4600,    1100,     800,   26100,    4060,    4240,
    1000,    1000,   25700,    3800,    2600,    1120,     920,   25740,    4120,    3880,
    1300,    3400,   25700,     700,    1000,    1220,    3420,   25780,     760,     960,
    4600,    3800,   26100,     700,    1000,    5526,    3800,   26040,     720,     960,
    4900,     800,   26100,     800,    4600,    4700,     900,   25980,     820,    3460,
    1300,    3600,   25600,    3800,    2600,    1140,    3520,   25820,    4160,    3940,
    4100,    1000,   25600,     700,     700,    4360,    1020,   25820,     820,     880,
    4600,    1000,   25700,    3400,    1000,    4440,     920,   25900,    3760,    3120,
    1100,    5100,   26100,    3900,    4100,    1060,    4400,   25920,    4040,    4060,
    1000,    1000,   26200,    3100,    3400,    1000,    1940,   26120,    3840,    4260,
    4300,    1000,   25400,    4300,    4100,    4320,     880,   25860,    4040,    4140,
    4300,    3100,   25900,    1000,     800,    4320,    3920,   25780,     880,     820,
    4300,     800,   26200,    3300,    4300,    4400,     840,   25840,    3940,    4140,
    1100,    3600,   25900,    3100,    3300,    1080,    3980,   25960,    3420,    1860,
    1100,    3600,   25700,     700,    4800,    1100,    3960,   25720,     820,    3840,
    1000,    5100,   25900,    3100,    2900,    1060,    4060,   25820,    3200,    2840,
    1300,     500,   25900,     800,     700,    1120,     820,   26100,     860,     840,
    1300,    5100,   25700,    4300,    4100,    1140,    4200,   25980,    3440,    3280,
    1000,    3400,   25600,     800,    2600,    1120,    3600,   26020,     880,    3840,
    1100,    5200,   26200,    4300,    3900,    1140,    3940,   25740,    3860,    3920,
    4900,    5100,   25700,     800,    2900,    4600,    4120,   25640,     780,    3700,
    4900,    3600,   25400,    1000,    2600,    4660,    3960,   25680,     860,    3600,
    4600,    3800,   26100,     700,    3400,    4580,    3800,   26000,     800,    1840,
    1100,     800,   26200,     800,    4300,    2149,     800,   26160,     860,    3260,
     800,    1000,   25700,     800,     700,     980,     880,   25920,     840,     860,
    1300,    1000,   25700,    3300,    1000,    2132,     940,   26000,    3420,     900,
    1000,    5100,   25600,    2900,     700,    1080,    4120,   26060,    3500,     840,
    4800,    5100,   25400,    3100,    1000,    4600,    4140,   25620,    3540,     900,
    1100,    3100,   26100,    3300,     700,    1100,    3820,   25980,    3480,     820,
    1100,    3400,   26100,     700,    2800,    1060,    4040,   25900,     720,    2960,
    1300,    3600,   26100,    1000,    2800,    2086,    3700,   26060,     900,    3640,
    4800,    1000,   26100,    4100,    2900,    4820,     940,   25860,    3460,    2880,
    1300,    1100,   26200,     800,    1000,    2420,     980,   26160,     800,     920,
    4600,    1000,   26100,    4100,    4600,    4300,     860,   26060,    3840,    4020,
    4800,    1000,   26200,     700,    4600,    4520,     840,   26020,     800,    3900,
    1000,    5200,   26200,    1000,     800,    1060,    4120,   26060,     880,     900,
    1100,    5100,   26100,    4600,     700,    1100,    4000,   26040,    4340,     780,
    1300,    3300,   26200,     800,    2900,    1180,    3300,   26160,     740,    3820,
    4400,    3800,   25900,     800,    4300,    5596,    3740,   25980,     820,    3660,
    4100,     800,   26200,     700,     800,    4240,     900,   26160,     800,     880,
    4600,    1000,   26100,    4100,    4300,    4460,    1020,   26020,    3660,    2760,
    1100,    1000,   26200,     700,    2900,    2400,     940,   26080,     760,    3660,
    4800,     800,   25600,     800,    4600,    4580,     960,   25880,     800,    3480,
    1100,    1000,   26200,     800,    4600,    1240,     940,   26020,     780,    4160,
    1100,    5100,   25600,    3100,     700,    1120,    4100,   25860,    3460,     860,
    4100,    1000,   25600,    3300,    4400,    4500,     920,   25920,    3180,    3520,
    4400,    3300,   26200,     800,    1000,    4360,    4280,   26080,     820,     900,
    4300,     500,   26200,     700,     800,    4440,     880,   25980,     780,     800,
    4600,    4900,   26100,    2900,    2900,    4540,    4320,   26060,    3180,    3080,
    4300,    3400,   25200,    3800,    4100,    4580,    3720,   25480,    2960,    3120,
    1000,     800,   26100,    3100,    2600,    1040,     900,   26000,    3700,    3860,
    3900,    3600,   26100,    3300,    4300,    4320,    3820,   25840,    3260,    3820,
    4100,    1000,   26200,     800,    4300,    4420,    1000,   26020,     800,    3160,
    4600,    1100,   25900,     800,    2600,    5442,     940,   26020,     840,    3460,
    1100,    1500,   26200,    3100,    1000,    1140,    1060,   26000,    3240,     900,
    4400,    4900,   26100,    4600,     700,    4660,    3960,   25780,    4180,     800,
    1100,     700,   26200,    3900,    4800,     980,     860,   26160,    3320,    3760,
    1100,    3600,   26100,    1000,     800,    1160,    3800,   26040,     840,    1720,
    1300,    3300,   25700,    3400,    2600,    1100,    3960,   25800,    3200,    3060,
    1100,    3600,   26100,    4300,    4100,    1040,    3760,   26020,    3380,    2960,
    4300,    1000,   25400,    4300,     800,    4400,     880,   25780,    4260,     840,
    1100,    3600,   26100,    1000,     700,    1100,    3920,   25900,    3000,     840,
    4600,    3600,   25400,     800,    4600,    4440,    4040,   25800,     820,    4180,
    4600,    5100,   26100,     700,    2900,    4380,    4180,   25980,     820,    3920,
    4900,    1000,   26100,    2900,    2900,    4500,     980,   25980,    3660,    3860,
    1300,    1000,   25600,     800,    2800,    1120,     960,   25860,     820,    2780,
    1500,    5100,   26100,    2900,    2800,    1180,    4320,   26060,    3580,    3300,
     800,    3300,   26100,    3800,    4300,    1040,    3500,   25960,    4120,    4100,
    4100,    4100,   26100,     800,     800,    5443,    4160,   25820,     780,     880,
    1100,    3300,   25600,    1000,     700,    1180,    3420,   25860,     840,     780,
    4600,    1000,   26200,    3800,    2600,    4340,    1020,   26020,    3700,    3840,
    4400,    1000,   25600,     800,    2600,    4460,     820,   25880,     820,    3840,
    1300,    3300,   26100,     800,    4300,    1140,    4220,   25980,     800,    4140,
    4400,     800,   26100,    2900,     700,    4380,     960,   26100,    3620,     760,
    4100,    3900,   25900,     800,    3800,    5587,    3660,   25980,     820,    3500,
    4300,    1000,   25700,     700,    3100,    5399,     900,   26000,     860,    3620,
    1100,     800,   25700,    1000,    4300,    1120,     880,   25860,     820,    2220,
    4600,    3400,   26100,    4300,     700,    4915,    3540,   25800,    4300,     760,
    4800,    3300,   26100,    1000,    4400,    4460,    3700,   25980,     840,    4160,
    4300,    3400,   25900,     800,    2600,    4460,    3580,   25940,     820,    3900,
    4800,     800,   25600,     800,     700,    4440,     880,   25900,     740,     760,
    1100,     700,   26200,    4800,    1000,    1100,     940,   25960,    4560,     960,
    1300,    1000,   26200,     700,    1000,    1160,     900,   26200,     760,    2460,
    4800,    4900,   26200,     700,    2900,    5485,    3960,   25940,     780,    2820,
    4100,    1000,   26200,     800,     800,    4240,    1020,   26200,     780,     820,
    1100,    5200,   25600,    4300,    4100,    1040,    4140,   25800,    3660,    3720,
    4600,    3100,   26100,     700,     700,    4520,    3700,   26060,     740,     900,
    1000,     800,   25900,     700,    2600,    1120,     940,   26020,     900,    3900,
    1100,    1000,   25600,    3900,    2600,    1060,    1040,   25760,    3480,    2880,
    1100,    5100,   25700,     700,     700,    1220,    4360,   25860,     800,     840,
    4800,    3300,   25600,     800,    1000,    4660,    3380,   25780,     820,     820,
    1300,    3600,   25400,    3300,    2500,    1060,    4280,   25820,    3240,    3160,
    4800,    2800,   25700,    4800,    5100,    4640,    3640,   25660,    4520,    4760,
     800,    3600,   25600,    2900,    2900,    1000,    3700,   25680,    3640,    3760,
    4400,    1500,   26100,     800,     800,    4420,    1060,   26140,     840,     800,
    1100,    3400,   26100,    4300,    3900,    1100,    4360,   25900,    4180,    3940,
    1300,    3300,   26200,     800,     800,    1160,    4080,   26140,     820,     780,
    1100,    5100,   26200,    3100,     700,    1060,    4340,   26120,    3140,     900,
    4600,    1100,   26200,     700,    2600,    4460,     900,   25940,     820,    3860,
    1300,    1000,   25600,     700,    4400,    1120,     920,   25860,     780,    4140,
    3900,    1000,   26200,     700,    1000,    4460,     900,   25960,     860,     960,
    4100,    5100,   25700,    3900,    1000,    4260,    4520,   25840,    4060,     860,
    1000,    5100,   26200,     800,     800,    1060,    4520,   26120,     840,     800,
    4900,    3400,   25900,    2900,     700,    4540,    3720,   25840,    3320,     760,
    1100,    5200,   26100,    4400,    1000,    1100,    4080,   25960,    3800,     920,
    1300,     700,   26100,    3300,    2800,    1040,     860,   26080,    3140,    2840,
    4800,    5100,   26200,    1000,    2800,    4640,    4040,   26040,     800,    3540,
    4400,    3100,   25600,    4400,    4300,    4580,    2760,   25540,    4700,    4260,
    1100,    1000,   25700,     800,    1000,    2104,     980,   26060,     800,     960,
    4900,    3400,   25200,    3900,    2600,    4060,    3480,   25440,    3860,    3260,
    4300,    1000,   25900,    4100,    3900,    5460,    1000,   25820,    3560,    3720,
    1100,    3300,   26100,    1000,    2600,    1040,    3600,   25920,     860,    3480,
    1300,    1000,   26200,     800,    1000,    2143,     980,   25960,     840,     860,
    1300,     800,   26400,    1000,     700,    1180,     920,   26140,     900,     780,
    4900,    1000,   25600,    1000,    1100,    4440,    1000,   25880,     860,     900,
    4400,     800,   25600,     700,     700,    5534,     840,   25860,     780,     860,
    1100,    4300,   25700,    1000,    2900,    2214,    3780,   25980,     860,    3300,
    1000,    3300,   25600,     700,    4300,    1080,    3500,   25760,     860,    3200,
    1100,    5200,   26200,     700,     800,    1100,    4020,   26040,     740,     860,
     800,    3400,   26100,     800,    2600,    1080,    3460,   26000,     780,    3300,
    4800,     700,   25400,    3900,    4600,    5147,     840,   25680,    3500,    3360,
    1100,    3400,   26100,    4300,     800,    1120,    3980,   26020,    4300,     920,
    1100,    3600,   25600,    4800,     800,    1100,    3920,   25820,    4120,     740,
    4100,    3600,   25600,    2900,    3900,    4560,    3420,   25520,    2780,    3080,
    1100,    1000,   25600,     800,    2600,    1120,     960,   25840,     800,    2900,
    4600,    4800,   25400,    4800,    4100,    4500,    4000,   25660,    3980,    3380,
    4400,     800,   25900,    4300,    4100,    4540,     960,   26060,    4220,    4200,
    1300,     800,   26100,     800,    2900,    2210,     960,   26100,     780,    3660,
    1300,    1000,   26100,    4100,    4600,    1080,     880,   26020,    4200,    4240,
    4300,    1000,   25900,    4600,    1000,    4220,     920,   25940,    4300,     900,
    1100,    5100,   26100,     700,    2900,    1180,    4040,   25820,     800,    3880,
    4800,    5100,   26200,     800,    2800,    4440,    4180,   25800,     820,    3560,
    4300,    3600,   25400,     800,    2600,    4300,    3860,   25740,     840,    3620,
    1100,    3400,   25900,    4400,     800,    1080,    3860,   26020,    4220,     780,
    4100,    5100,   25600,     800,    4100,    4260,    4200,   25720,     880,    3900,
    4600,     800,   25900,    3800,     800,    4500,     920,   25960,    1480,     860,
    4800,    1000,   26100,    4100,    4600,    4680,     880,   26000,    3440,    3320,
    4600,    5100,   25700,    2900,     800,    4640,    4020,   25940,    3080,     880,
    1000,    1000,   26200,    3300,    3300,    1120,     960,   26040,    3640,    1380,
    4300,    3800,   26100,    3100,    3600,    4500,    3560,   25900,    3600,    1420,
    1000,     700,   26200,     700,    4600,    1020,     920,   26000,     820,    3180,
    1300,    3600,   25600,     800,    4600,    1200,    3780,   25720,     840,    4200,
    4100,     700,   25600,    1000,     800,    4440,     800,   26080,     820,     800,
    4800,     800,   26200,     800,    4600,    4680,     780,   26100,     800,    3540,
    4300,    5100,   26200,     700,    4300,    4380,    4160,   26000,     740,    3900,
    1100,    5100,   26200,    3100,    1000,    1040,    4160,   25820,    3100,     880,
    3900,    2800,   25700,    3400,    4300,    4200,    3300,   25520,    4140,    3820,
    1000,    3400,   25400,    1000,    2600,    1120,    3880,   26000,     880,    3560,
    1100,    3900,   25900,    3800,    1000,    2059,    3680,   25820,    3580,     900,
    5200,    3300,   25700,    2600,    2900,    5180,    3020,   25720,    3680,    3340,
     800,     800,   26200,    1000,     700,    1040,     900,   26180,     800,     760,
    4400,    5200,   26200,    3100,    1000,    4360,    4180,   25960,    3580,     820,
    4100,    5100,   25900,    4300,    1000,    4220,    3960,   25980,    3640,     780,
    1100,    1000,   25400,    3400,    2600,    1100,     920,   25720,    3820,    3840,
    1100,    3600,   25700,    4300,    4300,    1080,    3600,   25800,    3480,    3020,
    1100,    5100,   26200,    1000,    2900,    1080,    4380,   26040,     860,    3220,
    4400,     800,   26100,    4300,    1000,    5489,     880,   26100,    3740,     860,
    4300,    1000,   25600,    4300,    4300,    4460,     900,   25760,    3880,    2240,
    4600,    1000,   26100,     800,    3900,    4500,     920,   25920,     820,    1500,
    1100,     800,   26200,    4100,    4600,    1140,     800,   26060,    4060,    4200,
    1100,    3400,   26100,    4100,    4300,    1080,    4200,   25820,    3380,    3200,
    4100,    3300,   25600,    4300,    1000,    4300,    4120,   25840,    3880,     860,
    4800,    2900,   25600,    4800,    5200,    4620,    2520,   25480,    4900,    4520,
    1000,     800,   26100,     800,    4400,    1060,     820,   26120,     760,    4400,
    1100,    3600,   25900,    3100,    2600,    1906,    3920,   25940,    4060,    3680,
    4400,    3900,   26100,    3300,    3600,    4320,    3700,   25920,    3220,    2020,
    1300,    5100,   26200,    4300,    1000,    1180,    4320,   25960,    3840,     820,
    1000,    1000,   25700,    1000,    4300,    1100,     900,   25920,     920,    4320,
    1100,    1000,   26100,    1000,    2600,    1080,     840,   26080,     800,    3820,
    4800,    3800,   26100,     800,    3100,    4680,    3520,   25940,     860,    1280,
    4300,    5200,   26100,     700,    1000,    4360,    4160,   25780,     780,     920,
    4100,    3300,   26100,    4300,    1000,    4320,    3660,   26060,    4100,     780,
    1300,    1100,   26100,    3400,     700,    1140,     860,   25900,    4280,     720,
    4800,    1100,   26100,    2900,    2800,    4600,     980,   26000,    3060,    3140,
    1100,    5200,   26200,     800,    4100,    1140,    4140,   25940,     860,    3960,
    4300,     700,   26100,    3300,    4300,    4480,     880,   26080,    3240,    3100,
    1000,     800,   26100,    4600,     800,    1060,     880,   25940,    1580,     920,
    1100,    3300,   25700,     800,     700,    1120,    4060,   25740,     880,     800,
     800,     800,   26200,    3100,     800,    1040,     960,   25820,    3540,     760,
    1100,    3800,   25600,    3100,    4300,    1100,    3700,   25920,    3980,    4100,
    4800,     700,   25600,    1000,    2600,    4540,     860,   25800,     860,    3100,
    1300,     800,   26200,     800,    2600,    1080,     880,   26140,     780,    3860,
    1000,    4100,   25900,    4100,    3900,    1100,    4780,   25780,    4220,    3960,
    4400,    5100,   25600,     700,    4100,    4260,    4380,   25880,     760,    4040,
     800,    1100,   25600,    4300,    4300,    1040,     880,   25920,    4040,    4180,
    4400,    3800,   25900,    3300,    4400,    5482,    4000,   25860,    3400,    3600,
    4800,    5100,   25400,    3100,     700,    4520,    4240,   25760,    3500,     800,
    1300,    1000,   26200,    3900,     700,    2038,     920,   26060,    3700,     740,
    1300,     800,   25600,    1000,    4100,    2133,     940,   25840,     820,    3400,
    5100,    3600,   25600,    2500,    3300,    5040,    3500,   25600,    2840,    2980,
    1000,    1100,   25700,     800,    1000,    2201,     880,   26080,     760,     820,
    1300,    4900,   26100,     800,    2800,    1371,    4180,   26000,     820,    2780,
    1000,    3600,   25600,     800,    2800,    1040,    3460,   25920,     840,    4040,
    4600,    5100,   26100,    2900,    2900,    4440,    4200,   25920,    3560,    3600,
    4600,    3300,   25600,     800,    4400,    4460,    3440,   25680,     740,    4240,
    4400,    1100,   25700,    2900,     700,    4360,     940,   25940,    3240,     800,
    4600,     800,   25900,    4100,    4600,    4340,     880,   25900,    4000,    4160,
     800,    5100,   25900,     800,    4100,    1040,    4160,   25980,     800,    4040,
    1300,    3400,   25400,    4100,    4600,    1120,    3660,   25800,    3700,    3760,
    4800,     700,   26100,    3800,    2800,    4760,     900,   26120,    3280,    2800,
    1100,    3600,   26100,    4400,     800,    1140,    3860,   26100,    2740,     900,
     800,     800,   26100,    3100,    2900,    1000,     920,   26040,    3100,    2940,
    4900,    3600,   25900,    4100,    4600,    4840,    3840,   25980,    3380,    3260,
    4600,    3400,   26100,    2900,     700,    4340,    3560,   25980,    3500,     760,
    1100,    3600,   26100,    4100,    1000,    1120,    3580,   26060,    1440,     840,
    1000,    5200,   25700,    4300,    4100,    1140,    4220,   25820,    3900,    3840,
    1300,    3600,   25600,    3900,    2500,    1918,    3980,   25680,    3940,    3520,
    1100,    3400,   26100,     800,    4600,    1100,    3780,   26020,     820,    4160,
     800,    5100,   26200,    3100,    2800,    1585,    4120,   25900,    3620,    3400,
    4100,    5100,   25600,     700,    1000,    4400,    4440,   25820,     760,    1000,
    4800,    1000,   26200,    2900,    1000,    4500,    1020,   26140,    3600,     840,
    4100,    5100,   25900,     800,     700,    4380,    4260,   25900,     800,     760,
    1000,     800,   25900,    3100,     700,    1020,     860,   26100,    3940,     760,
    4600,    3600,   25700,    4300,     800,    5389,    3720,   25900,    3700,     880,
     800,    3300,   26100,    1000,    1000,    1020,    3680,   26060,     880,     900,
    4300,    1000,   25900,     800,    4600,    4340,    1020,   25880,     880,    4100,
    1100,    5100,   25900,     700,    2900,    1100,    4440,   26080,     760,    3440,
     800,     800,   25700,    4300,     800,    1020,     960,   25860,    3400,     800,
    1100,    3600,   25600,    3300,    2800,    2102,    3660,   25900,    3520,    3360,
    1000,    5200,   25600,     800,     700,    1160,    3920,   25800,     760,     780,
    1100,    5100,   26100,    3100,    2900,    1140,    4260,   26000,    3260,    2840,
    5200,    3800,   25600,    5200,    4100,    5080,    3840,   25540,    4760,    4020,
    4800,     800,   25700,    3600,    2500,    4400,     760,   25800,    3920,    3780,
    1300,    5200,   26100,    4300,    3900,    1180,    4340,   26040,    3780,    3520,
    4400,    1000,   26100,     700,     800,    5254,     900,   26040,     780,     800,
    4600,    3600,   25900,     800,    3300,    4440,    3720,   25860,     760,    1940,
    1100,    3900,   25600,    4100,    1000,    1100,    1460,   26000,    3920,     880,
    4800,    3300,   25600,     700,    4600,    4720,    3940,   25660,     820,    3800,
    4600,    1000,   25700,    1000,    2600,    4360,     920,   25860,     760,    3800,
    1100,    3400,   26100,    3900,    4600,    1120,    3460,   25980,    3980,    4320,
    1000,    1000,   25700,     800,     700,    1879,     960,   26020,     780,     820,
    4300,    5200,   25400,    4300,    3900,    4340,    4260,   25740,    3540,    3580,
    1000,    1100,   26400,     700,     800,    1060,     960,   26100,     760,     760,
    1300,    3300,   25600,     700,    1000,    1080,    3560,   25860,     740,     920,
    4900,    3100,   25400,    4300,    4400,    4940,    3540,   25540,    4700,    4260,
    1000,     800,   25600,    1000,    4300,    1100,     800,   25940,     800,    4280,
    1100,     700,   26200,    1000,    4400,    1120,     840,   26000,     860,    4340,
    4100,    5100,   25700,    1000,    3900,    4180,    4200,   25700,     840,    4020,
    5200,     700,   25600,    3100,    2800,    4980,     880,   25880,    3580,    3680,
    1300,    3400,   25700,    4300,     800,    1100,    3880,   26020,    4220,     840,
    4400,    1100,   26100,     800,    2600,    4480,     920,   25960,     800,    2820,
    4300,    3100,   26100,     700,    1000,    4300,    3580,   26020,     760,     880,
    4300,    4600,   26100,    4300,    3900,    4340,    4800,   25800,    4220,    3980,
    1100,    4900,   26200,    2900,    2900,    1080,    3920,   26000,    3120,    2760,
     800,    1000,   26100,    1000,    2600,    1100,     900,   26080,     880,    2780,
    4100,    1000,   26100,    4600,     800,    4360,    1020,   25940,    4080,     900,
    1300,     500,   26200,    3300,     700,    1100,     840,   26020,    3200,     740,
    4800,    3300,   25600,     800,    2600,    4580,    3580,   25800,     820,    3680,
    4100,    1000,   26100,    4300,    1000,    5416,    1000,   25820,    3640,     940,
    4400,    1000,   26200,    2900,    2600,    4480,     840,   26000,    3500,    3560,
    1000,    3600,   25700,    4100,    4800,    1020,    3820,   25920,    3780,    4260,
    4600,    4600,   25400,    4800,    3300,    4500,    4100,   25560,    4860,    3840,
    1100,     800,   25700,    4300,     700,    2014,     900,   25980,    3800,     800,
    4300,    5100,   26100,    3900,    4100,    4320,    4460,   25800,    4100,    3960,
     800,    1000,   25700,     800,     800,     920,     880,   26020,     800,     880,
    1100,     800,   25600,    4100,    4400,    1797,     840,   26040,    3800,    3660,
    1000,    5100,   25900,    4400,     700,    1080,    4100,   26020,    4280,     940,
    1100,    5200,   25600,     700,     800,    1100,    3880,   25820,     800,     900,
    4800,     800,   25600,    4400,     700,    4340,     840,   25760,    3940,     840,
    4300,    5100,   25600,    1000,     800,    4280,    4220,   25880,     820,     840,
    1300,    3800,   25400,    1000,    2600,    1140,    4240,   25880,     860,    3360,
    1000,     700,   25600,    3300,    3900,    1846,     880,   25900,    3380,    3260,
    1300,    1000,   25600,     700,     700,    1060,     820,   26080,     780,     820,
    4600,    1000,   26100,    3100,    1000,    4440,     960,   25960,    3680,    1980,
    1300,    1000,   26200,    4600,     800,    1100,     860,   26080,    4220,     900,
    1000,    3400,   25700,     800,     800,    1694,    3780,   25940,     840,     920,
    4800,    4600,   25200,    3100,    2800,    4560,    4020,   25420,    3700,    3880,
    4800,     700,   26200,     700,     800,    4540,     840,   26140,     740,     740,
    4800,    3400,   25600,    3600,    2600,    4020,    3320,   25680,    3860,    3520,
    1100,     800,   25600,    3100,    2800,    1080,     940,   25780,    3100,    2980,
     800,    5100,   25700,     700,     700,    1100,    4400,   26060,     760,     840,
    1100,    1000,   25600,    4300,    4100,    1776,     960,   25700,    3840,    3640,
    4800,     800,   26200,    2900,    2600,    4600,     880,   26040,    3640,    3600,
    4300,    1000,   25900,    4300,    1000,    5604,    1020,   25800,    3620,     920,
    4900,    3800,   25200,    4900,    5100,    4900,    3640,   25520,    4660,    4300,
    1000,    3400,   25700,    3400,    2800,    3680,    3600,   25860,    3660,    3900,
    1100,    1100,   25900,    4300,    4300,    1060,    1020,   25960,    3620,    3080,
    4300,    3400,   25700,    3900,    1500,    4360,    4280,   25900,    4100,     980,
    4800,     800,   26200,    1000,    2600,    4500,     880,   26080,     780,    3820,
    4100,    3400,   26100,     800,    4300,    4500,    4100,   25940,     800,    3120,
    1000,    1600,   25600,    3300,    4300,    1160,    1080,   25900,    3740,    4040,
    1100,    3300,   25600,    4100,    4300,    1120,    3420,   25780,    4060,    4200,
    1300,    5200,   26200,     700,    4100,    1100,    4100,   25940,     760,    3920,
    4600,    3600,   25700,     800,     800,    5476,    3800,   25860,     840,     820,
    1100,    3300,   25700,    3900,     800,    1120,    1460,   25800,    3960,     880,
    4600,    3400,   26100,    1000,    2600,    4340,    4040,   25880,     820,    3640,
    1000,     700,   25900,     800,    2600,    1120,     880,   26020,     760,    3840,
    4600,    5100,   26100,    3100,    2800,    4600,    4060,   25900,    3240,    2900,
    4300,    1000,   25700,    3300,    4300,    4440,     920,   25800,    4020,    4220,
    1100,    5100,   25900,    4300,    4100,    1160,    4480,   26000,    4080,    4020,
    4900,     700,   25600,    4100,    4600,    4800,     780,   25740,    3580,    3480