

New occurence at: 2021-03-06 19:10:27.861937, Trojan name: HT3_3 - 4 
F1_score_list = np.array([
(, 0.72967, 0.0, 0.0, 0.0, 0.0),
(, 0.72621, 0.31545, 0.05552, 0.00817

New occurence at: 2021-03-06 19:18:27.771938, Trojan name: HT3_3 - 4 
F1_score_list = np.array([

New occurence at: 2021-03-06 19:19:25.065546, Trojan name: HT3_3 - 4 
F1_score_list = np.array([
(, 0.72604, 0.0, 0.0, 0.0, 0.0),
(, 0.73323, 0.47921, 0.14212, 0.03935, 0.01208),
(, 0.61338, 0.47919, 0.14199, 0.03936

New occurence at: 2021-03-06 21:01:41.283595, Trojan name: HT3_3 - 4 
F1_score_list = np.array([
(, 0.73572, 0.0, 0.0, 0.0, 0.0),
(, 0.7427, 0.19399, 0.01035, 0.0008, 0.0),
(, 0.62388, 0.19333, 0.01035, 0.0008, 0.0),
(, 0.47225, 0.19333, 0.01035, 0.0008, 0.0),
(, 0.27764, 0.17824, 0.01035, 0.0008, 0.0),])

New occurence at: 2021-03-06 21:19:32.456762, Trojan name: HT3_3 - 4 
F1_score_list = np.array([
(, 0.73092, 0.00637, 0.0, 0.0, 0.0, 0.0, 0.0, 0.0, 0.0, 0.0, 0.0, 0.0, 0.0, 0.0, 0.0, 0.0, 0.0, 0.0, 0.0, 0.0),
(, 0.78009, 0.75289, 0.52303, 0.31685, 0.19271, 0.12299, 0.06872, 0.0346, 0.02059, 0.01351, 0.00877, 0.00479, 0.00319, 0.0016, 0.0016, 0.0, 0.0, 0.0, 0.0, 0.0),
(, 0.77772, 0.75289, 0.52216, 0.31683, 0.19271, 0.12229, 0.06948, 0.03383, 0.02059, 0.01351, 0.00877, 0.00479, 0.00319, 0.0016, 0.0016, 0.0, 0.0, 0.0, 0.0, 0.0),
(, 0.76116, 0.75258, 0.52259, 0.31683, 0.19271, 0.12229, 0.06873, 0.03383, 0.02059, 0.01351, 0.00877, 0.00479, 0.00319, 0.0016, 0.0016, 0.0, 0.0, 0.0, 0.0, 0.0),
(, 0.73735, 0.75228, 0.52259, 0.31683, 0.19271, 0.12229, 0.06873, 0.03383, 0.02059, 0.01351, 0.00877, 0.00479, 0.00319, 0.0016, 0.0016, 0.0, 0.0, 0.0, 0.0, 0.0),
(, 0.70983, 0.74358, 0.52259, 0.31683, 0.19271, 0.12229, 0.06873, 0.03383, 0.02059, 0.01351, 0.00877, 0.00479, 0.00319, 0.0016, 0.0016, 0.0, 0.0, 0.0, 0.0, 0.0),
(, 0.68361, 0.72759, 0.52303, 0.31683, 0.19271, 0.12229, 0.06873, 0.03383, 0.02059, 0.01351, 0.00877, 0.00479, 0.00319, 0.0016, 0.0016, 0.0, 0.0, 0.0, 0.0, 0.0),
(, 0.64822, 0.70936, 0.52303, 0.31683, 0.19271, 0.12229, 0.06873, 0.03383, 0.02059, 0.01351, 0.00877, 0.00479, 0.00319, 0.0016, 0.0016, 0.0, 0.0, 0.0, 0.0, 0.0),
(, 0.61514, 0.68562, 0.52216, 0.31683, 0.19271, 0.12299, 0.06873, 0.03383, 0.02059, 0.01351, 0.00877, 0.00479, 0.00319, 0.0016, 0.0016, 0.0, 0.0, 0.0, 0.0, 0.0),
(, 0.57539, 0.65582, 0.51867, 0.31683, 0.19271, 0.12299, 0.06873, 0.03383, 0.02059, 0.01351, 0.00877, 0.00479, 0.00319, 0.0016, 0.0016, 0.0, 0.0, 0.0, 0.0, 0.0),
(, 0.53512, 0.62193, 0.50917, 0.31683, 0.19271, 0.12299, 0.06873, 0.03383, 0.02059, 0.01351, 0.00877, 0.00479, 0.00319, 0.0016, 0.0016, 0.0, 0.0, 0.0, 0.0, 0.0),
(, 0.49367, 0.58467, 0.49548, 0.31626, 0.19271, 0.12299, 0.06873, 0.03383, 0.02059, 0.01351, 0.00877, 0.00479, 0.00319, 0.0016, 0.0016, 0.0, 0.0, 0.0, 0.0, 0.0),
(, 0.45182, 0.54725, 0.47306, 0.31569, 0.19271, 0.12299, 0.06873, 0.03383, 0.02059, 0.01351, 0.00877, 0.00479, 0.00319, 0.0016, 0.0016, 0.0, 0.0, 0.0, 0.0, 0.0),
(, 0.40845, 0.50197, 0.4372, 0.31057, 0.19271, 0.12299, 0.06873, 0.03383, 0.02059, 0.01351, 0.00877, 0.00479, 0.00319, 0.0016, 0.0016, 0.0, 0.0, 0.0, 0.0, 0.0),
(, 0.36922, 0.4497, 0.39677, 0.30143, 0.19271, 0.12299, 0.06873, 0.03383, 0.02059, 0.01351, 0.00877, 0.00479, 0.00319, 0.0016, 0.0016, 0.0, 0.0, 0.0, 0.0, 0.0),
(, 0.32923, 0.38534, 0.35039, 0.27404, 0.19271, 0.12158, 0.06873, 0.03383, 0.02059, 0.01351, 0.00877, 0.00479, 0.00319, 0.0016, 0.0016, 0.0, 0.0, 0.0, 0.0, 0.0),
(, 0.27327, 0.32613, 0.28809, 0.24931, 0.18418, 0.12088, 0.06873, 0.03383, 0.02059, 0.01351, 0.00877, 0.00479, 0.00319, 0.0016, 0.0016, 0.0, 0.0, 0.0, 0.0, 0.0),
(, 0.21768, 0.2516, 0.23144, 0.20428, 0.16423, 0.11238, 0.07022, 0.03383, 0.02059, 0.01351, 0.00877, 0.00479, 0.00319, 0.0016, 0.0016, 0.0, 0.0, 0.0, 0.0, 0.0),
(, 0.14803, 0.18154, 0.17092, 0.15131, 0.12995, 0.09735, 0.06352, 0.03383, 0.02059, 0.01351, 0.00877, 0.00479, 0.00319, 0.0016, 0.0016, 0.0, 0.0, 0.0, 0.0, 0.0),
(, 0.08361, 0.09723, 0.09654, 0.08493, 0.06799, 0.06202, 0.04153, 0.0245, 0.01903, 0.01351, 0.00877, 0.00479, 0.00319, 0.0016, 0.0016, 0.0, 0.0, 0.0, 0.0, 0.0),])

New occurence at: 2021-03-06 22:00:29.749400, Trojan name: HT3_3 - 4 
nu_list    = np.arange(0.0001, 0.52, 0.02)
gamma_list = np.arange(0.0001, 0.52, 0.02)

F1_score_list = np.array([
( 0.73132, 0.81583, 0.20867, 0.0, 0.0, 0.0, 0.0, 0.0, 0.0, 0.0, 0.0, 0.0, 0.0, 0.0, 0.0, 0.0, 0.0, 0.0, 0.0, 0.0, 0.0, 0.0, 0.0, 0.0, 0.0, 0.0),
( 0.75327, 0.89538, 0.79625, 0.70598, 0.61477, 0.51527, 0.4227, 0.34972, 0.28651, 0.23354, 0.19073, 0.154, 0.12846, 0.10369, 0.08708, 0.06711, 0.05362, 0.04376, 0.03452, 0.03066, 0.02289, 0.02056, 0.019, 0.01743, 0.01508, 0.01115),
( 0.79023, 0.89538, 0.79595, 0.70631, 0.61439, 0.51305, 0.4227, 0.3508, 0.2865, 0.23292, 0.19007, 0.15467, 0.12911, 0.10296, 0.08779, 0.06785, 0.05136, 0.04376, 0.03531, 0.03143, 0.02369, 0.019, 0.019, 0.01743, 0.01587, 0.01115),
( 0.79425, 0.89585, 0.79654, 0.70597, 0.61515, 0.51307, 0.42169, 0.3508, 0.2871, 0.23354, 0.19007, 0.15536, 0.12911, 0.10369, 0.08779, 0.06711, 0.05211, 0.04298, 0.03452, 0.03143, 0.02289, 0.019, 0.019, 0.01743, 0.01587, 0.01115),
( 0.79029, 0.89469, 0.79654, 0.70597, 0.61401, 0.51307, 0.4232, 0.3508, 0.28709, 0.23346, 0.19073, 0.15536, 0.12983, 0.10296, 0.08851, 0.06709, 0.05136, 0.04298, 0.03609, 0.03143, 0.02289, 0.019, 0.019, 0.01743, 0.01587, 0.01115),
( 0.78458, 0.89053, 0.79654, 0.70563, 0.61401, 0.51307, 0.42318, 0.3508, 0.28651, 0.23292, 0.19007, 0.15603, 0.12983, 0.10296, 0.08779, 0.06785, 0.05136, 0.04298, 0.03531, 0.03143, 0.02289, 0.019, 0.019, 0.01743, 0.01587, 0.01115),
( 0.77811, 0.88442, 0.79625, 0.70597, 0.61477, 0.51351, 0.4232, 0.3508, 0.28651, 0.23292, 0.19073, 0.15603, 0.12911, 0.10369, 0.08779, 0.06711, 0.05136, 0.04298, 0.03452, 0.03143, 0.02289, 0.019, 0.019, 0.01743, 0.01587, 0.01115),
( 0.76948, 0.87647, 0.79625, 0.70597, 0.61363, 0.51439, 0.42318, 0.3508, 0.28651, 0.23354, 0.19073, 0.15467, 0.12843, 0.10369, 0.08779, 0.06785, 0.05136, 0.04298, 0.03452, 0.03143, 0.02289, 0.019, 0.019, 0.01743, 0.01587, 0.01115),
( 0.76211, 0.86602, 0.79454, 0.70597, 0.61439, 0.51396, 0.4227, 0.3508, 0.28593, 0.23416, 0.19073, 0.15603, 0.12911, 0.10369, 0.08779, 0.06711, 0.05136, 0.04298, 0.03531, 0.03143, 0.02289, 0.019, 0.019, 0.01743, 0.01587, 0.01115),
( 0.74919, 0.85251, 0.79166, 0.70597, 0.61439, 0.51396, 0.42219, 0.3508, 0.28593, 0.23292, 0.19007, 0.15603, 0.12983, 0.10296, 0.08779, 0.06785, 0.05136, 0.04298, 0.03452, 0.03143, 0.02289, 0.019, 0.019, 0.01743, 0.01587, 0.01115),
( 0.73689, 0.83993, 0.78875, 0.70597, 0.61401, 0.51395, 0.4227, 0.3508, 0.28651, 0.23292, 0.19007, 0.15603, 0.12911, 0.10369, 0.08779, 0.06785, 0.05136, 0.04298, 0.03452, 0.03143, 0.02289, 0.019, 0.019, 0.01743, 0.01587, 0.01115),
( 0.72812, 0.82869, 0.78722, 0.70597, 0.61439, 0.51439, 0.4227, 0.3508, 0.28651, 0.23354, 0.19073, 0.15536, 0.12983, 0.10296, 0.08779, 0.06785, 0.05136, 0.04298, 0.03452, 0.03143, 0.02289, 0.019, 0.019, 0.01743, 0.01587, 0.01115),
( 0.71726, 0.82006, 0.77978, 0.70497, 0.61439, 0.51395, 0.4227, 0.3508, 0.28593, 0.23354, 0.19073, 0.15534, 0.12911, 0.10296, 0.08779, 0.06785, 0.05136, 0.04298, 0.03452, 0.03143, 0.02289, 0.019, 0.019, 0.01743, 0.01587, 0.01115),
( 0.70613, 0.80861, 0.77297, 0.70364, 0.61477, 0.51439, 0.4227, 0.3508, 0.28651, 0.23354, 0.19007, 0.15603, 0.12983, 0.10296, 0.08779, 0.06785, 0.05136, 0.04298, 0.03452, 0.03143, 0.02289, 0.019, 0.019, 0.01743, 0.01587, 0.01115),
( 0.68951, 0.79776, 0.76326, 0.70263, 0.61439, 0.51395, 0.4232, 0.3508, 0.28651, 0.23354, 0.19007, 0.15603, 0.12983, 0.10296, 0.08779, 0.06785, 0.05136, 0.04298, 0.03452, 0.03143, 0.02289, 0.019, 0.019, 0.01743, 0.01587, 0.01115),
( 0.67717, 0.7851, 0.75308, 0.70031, 0.61439, 0.51439, 0.4227, 0.3508, 0.28593, 0.23354, 0.19073, 0.15603, 0.12911, 0.10296, 0.08779, 0.06785, 0.05136, 0.04298, 0.03452, 0.03143, 0.02289, 0.019, 0.019, 0.01743, 0.01587, 0.01115),
( 0.66313, 0.77511, 0.74527, 0.69492, 0.61363, 0.51439, 0.4227, 0.3508, 0.28593, 0.23354, 0.19073, 0.15603, 0.12983, 0.10296, 0.08779, 0.06785, 0.05136, 0.04298, 0.03452, 0.03143, 0.02289, 0.019, 0.019, 0.01743, 0.01587, 0.01115),
( 0.65274, 0.76354, 0.7366, 0.68847, 0.6121, 0.51439, 0.4227, 0.3508, 0.28651, 0.23292, 0.19073, 0.15603, 0.12983, 0.10296, 0.08779, 0.06785, 0.05136, 0.04298, 0.03452, 0.03143, 0.02289, 0.019, 0.019, 0.01743, 0.01587, 0.01115),
( 0.63721, 0.75125, 0.7265, 0.6835, 0.60826, 0.51441, 0.4227, 0.3508, 0.28593, 0.23354, 0.19073, 0.15603, 0.12983, 0.10296, 0.08779, 0.06785, 0.05136, 0.04298, 0.03452, 0.03143, 0.02289, 0.019, 0.019, 0.01743, 0.01587, 0.01115),
( 0.62737, 0.74006, 0.71577, 0.6752, 0.60363, 0.51487, 0.4227, 0.3508, 0.28651, 0.23354, 0.19073, 0.15603, 0.12911, 0.10369, 0.08779, 0.06785, 0.05136, 0.04298, 0.03452, 0.03143, 0.02289, 0.019, 0.019, 0.01743, 0.01587, 0.01115),
( 0.61609, 0.72432, 0.70296, 0.66718, 0.59818, 0.51442, 0.4227, 0.3508, 0.28651, 0.23292, 0.19073, 0.15603, 0.12983, 0.10296, 0.08779, 0.06785, 0.05136, 0.04298, 0.03452, 0.03143, 0.02289, 0.019, 0.019, 0.01743, 0.01587, 0.01115),
( 0.60519, 0.7087, 0.6902, 0.65577, 0.59302, 0.51222, 0.4227, 0.3508, 0.28651, 0.23354, 0.19073, 0.15603, 0.12983, 0.10369, 0.08779, 0.06785, 0.05136, 0.04298, 0.03452, 0.03143, 0.02289, 0.019, 0.019, 0.01743, 0.01587, 0.01115),
( 0.58951, 0.69728, 0.6764, 0.64123, 0.58867, 0.50912, 0.4227, 0.3508, 0.28651, 0.23416, 0.19007, 0.15603, 0.12983, 0.10369, 0.08779, 0.06785, 0.05136, 0.04298, 0.03452, 0.03143, 0.02289, 0.019, 0.019, 0.01743, 0.01587, 0.01115),
( 0.5773, 0.67889, 0.66449, 0.62736, 0.57935, 0.50561, 0.42221, 0.3508, 0.28651, 0.23292, 0.19073, 0.15603, 0.12983, 0.10296, 0.08779, 0.06785, 0.05136, 0.04298, 0.03452, 0.03143, 0.02289, 0.019, 0.019, 0.01743, 0.01587, 0.01115),
( 0.55967, 0.66393, 0.65132, 0.6138, 0.57404, 0.50206, 0.4217, 0.3508, 0.28651, 0.23354, 0.19073, 0.15603, 0.12983, 0.10296, 0.08779, 0.06785, 0.05136, 0.04298, 0.03452, 0.03143, 0.02289, 0.019, 0.019, 0.01743, 0.01587, 0.01115),
( 0.54421, 0.65415, 0.63816, 0.60344, 0.56386, 0.49801, 0.42071, 0.3508, 0.28593, 0.23292, 0.19073, 0.15603, 0.12983, 0.10369, 0.08779, 0.06785, 0.05136, 0.04298, 0.03452, 0.03143, 0.02289, 0.019, 0.019, 0.01743, 0.01587, 0.01115)])