

New occurence at: 2021-03-06 19:10:27.861937, Trojan name: HT3_3 - 4 
No_Support_Vectors = np.array([
(, 14.0, 1024.0, 1024.0, 1024.0, 1024.0),
(, 2004.0, 8164.0, 9708.0, 9951.0

New occurence at: 2021-03-06 19:18:27.771938, Trojan name: HT3_3 - 4 
No_Support_Vectors = np.array([

New occurence at: 2021-03-06 19:19:25.065546, Trojan name: HT3_3 - 4 
No_Support_Vectors = np.array([
(, 14.0, 2560.0, 2560.0, 2560.0, 2560.0),
(, 5006.0, 17225.0, 23040.0, 24466.0, 24838.0),
(, 10005.0, 17232.0, 23045.0, 24468.0

New occurence at: 2021-03-06 21:01:41.283595, Trojan name: HT3_3 - 4 
No_Support_Vectors = np.array([
(, 14.0, 512.0, 512.0, 512.0, 512.0),
(, 1005.0, 4470.0, 4955.0, 4994.0, 4999.0),
(, 2002.0, 4471.0, 4956.0, 4994.0, 4999.0),
(, 3004.0, 4472.0, 4956.0, 4994.0, 4999.0),
(, 4002.0, 4526.0, 4956.0, 4994.0, 4999.0),])

New occurence at: 2021-03-06 21:19:32.456762, Trojan name: HT3_3 - 4 
No_Support_Vectors = np.array([
( 13.0, 528.0, 512.0, 512.0, 512.0, 512.0, 512.0, 512.0, 512.0, 512.0, 512.0, 512.0, 512.0, 512.0, 512.0, 512.0, 512.0, 512.0, 512.0, 512.0),
(, 256.0, 1944.0, 3268.0, 4010.0, 4448.0, 4693.0, 4830.0, 4910.0, 4960.0, 4978.0, 4988.0, 4992.0, 4996.0, 4997.0, 4998.0, 4999.0, 5000.0, 5000.0, 5000.0, 5000.0),
(, 504.0, 1944.0, 3273.0, 4018.0, 4456.0, 4698.0, 4834.0, 4913.0, 4961.0, 4978.0, 4988.0, 4992.0, 4996.0, 4997.0, 4998.0, 4999.0, 5000.0, 5000.0, 5000.0, 5000.0),
(, 754.0, 1945.0, 3274.0, 4020.0, 4456.0, 4699.0, 4833.0, 4916.0, 4962.0, 4978.0, 4988.0, 4992.0, 4996.0, 4997.0, 4998.0, 4999.0, 5000.0, 5000.0, 5000.0, 5000.0),
(, 1004.0, 1954.0, 3275.0, 4024.0, 4456.0, 4700.0, 4834.0, 4916.0, 4962.0, 4978.0, 4988.0, 4992.0, 4996.0, 4997.0, 4998.0, 4999.0, 5000.0, 5000.0, 5000.0, 5000.0),
(, 1254.0, 1990.0, 3277.0, 4025.0, 4458.0, 4701.0, 4834.0, 4917.0, 4962.0, 4978.0, 4988.0, 4992.0, 4996.0, 4997.0, 4998.0, 4999.0, 5000.0, 5000.0, 5000.0, 5000.0),
(, 1504.0, 2084.0, 3276.0, 4026.0, 4457.0, 4700.0, 4835.0, 4917.0, 4962.0, 4978.0, 4988.0, 4992.0, 4996.0, 4997.0, 4998.0, 4999.0, 5000.0, 5000.0, 5000.0, 5000.0),
(, 1753.0, 2214.0, 3278.0, 4027.0, 4458.0, 4700.0, 4834.0, 4918.0, 4962.0, 4978.0, 4988.0, 4992.0, 4996.0, 4997.0, 4998.0, 4999.0, 5000.0, 5000.0, 5000.0, 5000.0),
(, 2002.0, 2377.0, 3285.0, 4026.0, 4458.0, 4700.0, 4834.0, 4917.0, 4962.0, 4978.0, 4988.0, 4992.0, 4996.0, 4997.0, 4998.0, 4999.0, 5000.0, 5000.0, 5000.0, 5000.0),
(, 2254.0, 2556.0, 3306.0, 4028.0, 4458.0, 4700.0, 4835.0, 4918.0, 4962.0, 4978.0, 4988.0, 4992.0, 4996.0, 4997.0, 4998.0, 4999.0, 5000.0, 5000.0, 5000.0, 5000.0),
(, 2504.0, 2730.0, 3345.0, 4026.0, 4458.0, 4700.0, 4835.0, 4918.0, 4962.0, 4978.0, 4988.0, 4992.0, 4996.0, 4997.0, 4998.0, 4999.0, 5000.0, 5000.0, 5000.0, 5000.0),
(, 2754.0, 2938.0, 3406.0, 4029.0, 4458.0, 4700.0, 4835.0, 4918.0, 4962.0, 4978.0, 4988.0, 4992.0, 4996.0, 4997.0, 4998.0, 4999.0, 5000.0, 5000.0, 5000.0, 5000.0),
(, 3004.0, 3155.0, 3511.0, 4032.0, 4458.0, 4700.0, 4836.0, 4918.0, 4962.0, 4978.0, 4988.0, 4992.0, 4996.0, 4997.0, 4998.0, 4999.0, 5000.0, 5000.0, 5000.0, 5000.0),
(, 3254.0, 3372.0, 3629.0, 4054.0, 4458.0, 4700.0, 4835.0, 4918.0, 4962.0, 4978.0, 4988.0, 4992.0, 4996.0, 4997.0, 4998.0, 4999.0, 5000.0, 5000.0, 5000.0, 5000.0),
(, 3502.0, 3578.0, 3781.0, 4112.0, 4460.0, 4700.0, 4835.0, 4918.0, 4962.0, 4978.0, 4988.0, 4992.0, 4996.0, 4997.0, 4998.0, 4999.0, 5000.0, 5000.0, 5000.0, 5000.0),
(, 3752.0, 3814.0, 3958.0, 4182.0, 4472.0, 4700.0, 4835.0, 4918.0, 4962.0, 4978.0, 4988.0, 4992.0, 4996.0, 4997.0, 4998.0, 4999.0, 5000.0, 5000.0, 5000.0, 5000.0),
(, 4002.0, 4046.0, 4128.0, 4292.0, 4500.0, 4702.0, 4834.0, 4918.0, 4962.0, 4978.0, 4988.0, 4992.0, 4996.0, 4997.0, 4998.0, 4999.0, 5000.0, 5000.0, 5000.0, 5000.0),
(, 4252.0, 4279.0, 4331.0, 4431.0, 4572.0, 4720.0, 4836.0, 4918.0, 4962.0, 4978.0, 4988.0, 4992.0, 4996.0, 4997.0, 4998.0, 4999.0, 5000.0, 5000.0, 5000.0, 5000.0),
(, 4502.0, 4521.0, 4547.0, 4606.0, 4672.0, 4769.0, 4854.0, 4918.0, 4962.0, 4978.0, 4988.0, 4992.0, 4996.0, 4997.0, 4998.0, 4999.0, 5000.0, 5000.0, 5000.0, 5000.0),
(, 4752.0, 4762.0, 4773.0, 4798.0, 4828.0, 4862.0, 4898.0, 4936.0, 4966.0, 4978.0, 4988.0, 4992.0, 4996.0, 4997.0, 4998.0, 4999.0, 5000.0, 5000.0, 5000.0, 5000.0),])

New occurence at: 2021-03-06 22:00:29.749400, Trojan name: HT3_3 - 4 
nu_list    = np.arange(0.0001, 0.52, 0.02)
gamma_list = np.arange(0.0001, 0.52, 0.02)

No_Support_Vectors = np.array([
( 12.0, 419.0, 522.0, 524.0, 513.0, 512.0, 512.0, 512.0, 512.0, 512.0, 512.0, 512.0, 512.0, 512.0, 512.0, 512.0, 512.0, 512.0, 512.0, 512.0, 512.0, 512.0, 512.0, 512.0, 512.0, 512.0),
( 106.0, 839.0, 1582.0, 2219.0, 2769.0, 3228.0, 3586.0, 3899.0, 4117.0, 4314.0, 4453.0, 4560.0, 4646.0, 4724.0, 4780.0, 4818.0, 4852.0, 4888.0, 4909.0, 4926.0, 4948.0, 4961.0, 4968.0, 4976.0, 4980.0, 4984.0),
( 204.0, 845.0, 1590.0, 2231.0, 2777.0, 3240.0, 3610.0, 3906.0, 4129.0, 4326.0, 4466.0, 4572.0, 4664.0, 4732.0, 4786.0, 4822.0, 4858.0, 4893.0, 4915.0, 4931.0, 4953.0, 4964.0, 4970.0, 4978.0, 4982.0, 4986.0),
( 306.0, 844.0, 1591.0, 2234.0, 2781.0, 3245.0, 3618.0, 3911.0, 4135.0, 4331.0, 4469.0, 4577.0, 4670.0, 4734.0, 4789.0, 4826.0, 4862.0, 4895.0, 4916.0, 4932.0, 4955.0, 4964.0, 4972.0, 4979.0, 4984.0, 4988.0),
( 404.0, 856.0, 1591.0, 2236.0, 2782.0, 3246.0, 3618.0, 3914.0, 4138.0, 4333.0, 4472.0, 4580.0, 4672.0, 4735.0, 4790.0, 4827.0, 4864.0, 4896.0, 4917.0, 4932.0, 4955.0, 4964.0, 4972.0, 4978.0, 4984.0, 4988.0),
( 505.0, 880.0, 1594.0, 2236.0, 2784.0, 3248.0, 3621.0, 3916.0, 4140.0, 4335.0, 4472.0, 4580.0, 4672.0, 4736.0, 4791.0, 4829.0, 4866.0, 4896.0, 4916.0, 4934.0, 4955.0, 4965.0, 4972.0, 4979.0, 4983.0, 4988.0),
( 604.0, 929.0, 1594.0, 2238.0, 2784.0, 3248.0, 3622.0, 3917.0, 4141.0, 4336.0, 4474.0, 4583.0, 4674.0, 4736.0, 4792.0, 4828.0, 4864.0, 4896.0, 4918.0, 4934.0, 4955.0, 4964.0, 4972.0, 4980.0, 4984.0, 4988.0),
( 705.0, 990.0, 1597.0, 2238.0, 2784.0, 3250.0, 3624.0, 3918.0, 4142.0, 4336.0, 4474.0, 4582.0, 4674.0, 4738.0, 4792.0, 4828.0, 4866.0, 4897.0, 4917.0, 4934.0, 4955.0, 4966.0, 4972.0, 4980.0, 4984.0, 4988.0),
( 803.0, 1062.0, 1606.0, 2239.0, 2786.0, 3250.0, 3624.0, 3918.0, 4142.0, 4336.0, 4476.0, 4584.0, 4674.0, 4738.0, 4792.0, 4830.0, 4867.0, 4896.0, 4918.0, 4934.0, 4955.0, 4966.0, 4972.0, 4980.0, 4984.0, 4988.0),
( 904.0, 1138.0, 1623.0, 2239.0, 2786.0, 3250.0, 3625.0, 3918.0, 4144.0, 4336.0, 4476.0, 4584.0, 4674.0, 4738.0, 4792.0, 4830.0, 4866.0, 4897.0, 4918.0, 4936.0, 4955.0, 4965.0, 4972.0, 4980.0, 4984.0, 4988.0),
( 1004.0, 1215.0, 1656.0, 2241.0, 2784.0, 3250.0, 3624.0, 3918.0, 4143.0, 4339.0, 4477.0, 4584.0, 4674.0, 4739.0, 4792.0, 4830.0, 4867.0, 4897.0, 4918.0, 4936.0, 4955.0, 4966.0, 4973.0, 4980.0, 4984.0, 4988.0),
( 1106.0, 1314.0, 1690.0, 2242.0, 2786.0, 3251.0, 3624.0, 3918.0, 4145.0, 4338.0, 4476.0, 4584.0, 4674.0, 4738.0, 4792.0, 4830.0, 4867.0, 4898.0, 4918.0, 4936.0, 4955.0, 4966.0, 4972.0, 4980.0, 4984.0, 4988.0),
( 1204.0, 1398.0, 1738.0, 2247.0, 2786.0, 3251.0, 3624.0, 3919.0, 4146.0, 4339.0, 4476.0, 4585.0, 4674.0, 4738.0, 4793.0, 4830.0, 4867.0, 4898.0, 4918.0, 4936.0, 4955.0, 4966.0, 4973.0, 4980.0, 4984.0, 4988.0),
( 1304.0, 1478.0, 1784.0, 2249.0, 2787.0, 3251.0, 3626.0, 3919.0, 4146.0, 4340.0, 4476.0, 4584.0, 4674.0, 4738.0, 4794.0, 4830.0, 4867.0, 4898.0, 4918.0, 4936.0, 4956.0, 4966.0, 4973.0, 4980.0, 4984.0, 4988.0),
( 1405.0, 1562.0, 1832.0, 2266.0, 2787.0, 3252.0, 3626.0, 3919.0, 4146.0, 4338.0, 4476.0, 4584.0, 4674.0, 4738.0, 4792.0, 4830.0, 4867.0, 4897.0, 4918.0, 4936.0, 4956.0, 4966.0, 4973.0, 4980.0, 4984.0, 4988.0),
( 1506.0, 1655.0, 1892.0, 2290.0, 2790.0, 3252.0, 3625.0, 3919.0, 4146.0, 4339.0, 4476.0, 4585.0, 4674.0, 4739.0, 4792.0, 4830.0, 4867.0, 4898.0, 4918.0, 4936.0, 4956.0, 4966.0, 4973.0, 4980.0, 4984.0, 4988.0),
( 1604.0, 1749.0, 1961.0, 2322.0, 2798.0, 3252.0, 3626.0, 3919.0, 4146.0, 4340.0, 4476.0, 4585.0, 4674.0, 4739.0, 4793.0, 4830.0, 4867.0, 4898.0, 4919.0, 4936.0, 4956.0, 4966.0, 4973.0, 4980.0, 4984.0, 4988.0),
( 1704.0, 1830.0, 2038.0, 2358.0, 2804.0, 3252.0, 3626.0, 3919.0, 4146.0, 4339.0, 4476.0, 4585.0, 4674.0, 4739.0, 4794.0, 4830.0, 4867.0, 4898.0, 4919.0, 4936.0, 4956.0, 4966.0, 4973.0, 4980.0, 4984.0, 4988.0),
( 1804.0, 1919.0, 2113.0, 2394.0, 2812.0, 3253.0, 3626.0, 3920.0, 4146.0, 4340.0, 4477.0, 4586.0, 4674.0, 4738.0, 4794.0, 4830.0, 4868.0, 4898.0, 4919.0, 4936.0, 4956.0, 4966.0, 4973.0, 4980.0, 4984.0, 4988.0),
( 1904.0, 2016.0, 2190.0, 2444.0, 2828.0, 3255.0, 3626.0, 3920.0, 4146.0, 4340.0, 4478.0, 4585.0, 4674.0, 4739.0, 4792.0, 4830.0, 4868.0, 4898.0, 4918.0, 4936.0, 4956.0, 4966.0, 4973.0, 4980.0, 4984.0, 4988.0),
( 2004.0, 2106.0, 2270.0, 2497.0, 2856.0, 3259.0, 3626.0, 3920.0, 4147.0, 4340.0, 4477.0, 4586.0, 4674.0, 4739.0, 4793.0, 4830.0, 4868.0, 4898.0, 4918.0, 4936.0, 4956.0, 4966.0, 4973.0, 4980.0, 4984.0, 4988.0),
( 2104.0, 2206.0, 2347.0, 2560.0, 2880.0, 3265.0, 3627.0, 3920.0, 4146.0, 4340.0, 4476.0, 4585.0, 4674.0, 4739.0, 4793.0, 4830.0, 4868.0, 4898.0, 4918.0, 4936.0, 4956.0, 4966.0, 4973.0, 4980.0, 4984.0, 4988.0),
( 2202.0, 2286.0, 2427.0, 2616.0, 2912.0, 3272.0, 3628.0, 3920.0, 4146.0, 4339.0, 4478.0, 4585.0, 4674.0, 4739.0, 4794.0, 4830.0, 4868.0, 4898.0, 4918.0, 4936.0, 4956.0, 4966.0, 4973.0, 4980.0, 4984.0, 4988.0),
( 2304.0, 2378.0, 2510.0, 2682.0, 2952.0, 3282.0, 3630.0, 3920.0, 4146.0, 4338.0, 4477.0, 4585.0, 4674.0, 4739.0, 4794.0, 4830.0, 4868.0, 4898.0, 4918.0, 4936.0, 4956.0, 4966.0, 4973.0, 4980.0, 4984.0, 4988.0),
( 2404.0, 2480.0, 2594.0, 2750.0, 2994.0, 3298.0, 3633.0, 3920.0, 4146.0, 4340.0, 4478.0, 4585.0, 4674.0, 4739.0, 4794.0, 4830.0, 4868.0, 4898.0, 4918.0, 4936.0, 4956.0, 4966.0, 4973.0, 4980.0, 4984.0, 4988.0),
( 2503.0, 2572.0, 2676.0, 2822.0, 3038.0, 3320.0, 3638.0, 3923.0, 4148.0, 4339.0, 4478.0, 4585.0, 4674.0, 4739.0, 4794.0, 4830.0, 4867.0, 4898.0, 4918.0, 4936.0, 4956.0, 4966.0, 4973.0, 4980.0, 4984.0, 4988.0)])