

New occurence at: 2021-03-06 19:10:27.861937, Trojan name: HT3_3 - 4 
F1_score_list = np.array([
(, 0.72967, 0.0, 0.0, 0.0, 0.0),
(, 0.72621, 0.31545, 0.05552, 0.00817

New occurence at: 2021-03-06 19:18:27.771938, Trojan name: HT3_3 - 4 
F1_score_list = np.array([

New occurence at: 2021-03-06 19:19:25.065546, Trojan name: HT3_3 - 4 
F1_score_list = np.array([
(, 0.72604, 0.0, 0.0, 0.0, 0.0),
(, 0.73323, 0.47921, 0.14212, 0.03935, 0.01208),
(, 0.61338, 0.47919, 0.14199, 0.03936

New occurence at: 2021-03-06 21:01:41.283595, Trojan name: HT3_3 - 4 
F1_score_list = np.array([
(, 0.73572, 0.0, 0.0, 0.0, 0.0),
(, 0.7427, 0.19399, 0.01035, 0.0008, 0.0),
(, 0.62388, 0.19333, 0.01035, 0.0008, 0.0),
(, 0.47225, 0.19333, 0.01035, 0.0008, 0.0),
(, 0.27764, 0.17824, 0.01035, 0.0008, 0.0),])

New occurence at: 2021-03-06 21:19:32.456762, Trojan name: HT3_3 - 4 
F1_score_list = np.array([
(, 0.73092, 0.00637, 0.0, 0.0, 0.0, 0.0, 0.0, 0.0, 0.0, 0.0, 0.0, 0.0, 0.0, 0.0, 0.0, 0.0, 0.0, 0.0, 0.0, 0.0),
(, 0.78009, 0.75289, 0.52303, 0.31685, 0.19271, 0.12299, 0.06872, 0.0346, 0.02059, 0.01351, 0.00877, 0.00479, 0.00319, 0.0016, 0.0016, 0.0, 0.0, 0.0, 0.0, 0.0),
(, 0.77772, 0.75289, 0.52216, 0.31683, 0.19271, 0.12229, 0.06948, 0.03383, 0.02059, 0.01351, 0.00877, 0.00479, 0.00319, 0.0016, 0.0016, 0.0, 0.0, 0.0, 0.0, 0.0),
(, 0.76116, 0.75258, 0.52259, 0.31683, 0.19271, 0.12229, 0.06873, 0.03383, 0.02059, 0.01351, 0.00877, 0.00479, 0.00319, 0.0016, 0.0016, 0.0, 0.0, 0.0, 0.0, 0.0),
(, 0.73735, 0.75228, 0.52259, 0.31683, 0.19271, 0.12229, 0.06873, 0.03383, 0.02059, 0.01351, 0.00877, 0.00479, 0.00319, 0.0016, 0.0016, 0.0, 0.0, 0.0, 0.0, 0.0),
(, 0.70983, 0.74358, 0.52259, 0.31683, 0.19271, 0.12229, 0.06873, 0.03383, 0.02059, 0.01351, 0.00877, 0.00479, 0.00319, 0.0016, 0.0016, 0.0, 0.0, 0.0, 0.0, 0.0),
(, 0.68361, 0.72759, 0.52303, 0.31683, 0.19271, 0.12229, 0.06873, 0.03383, 0.02059, 0.01351, 0.00877, 0.00479, 0.00319, 0.0016, 0.0016, 0.0, 0.0, 0.0, 0.0, 0.0),
(, 0.64822, 0.70936, 0.52303, 0.31683, 0.19271, 0.12229, 0.06873, 0.03383, 0.02059, 0.01351, 0.00877, 0.00479, 0.00319, 0.0016, 0.0016, 0.0, 0.0, 0.0, 0.0, 0.0),
(, 0.61514, 0.68562, 0.52216, 0.31683, 0.19271, 0.12299, 0.06873, 0.03383, 0.02059, 0.01351, 0.00877, 0.00479, 0.00319, 0.0016, 0.0016, 0.0, 0.0, 0.0, 0.0, 0.0),
(, 0.57539, 0.65582, 0.51867, 0.31683, 0.19271, 0.12299, 0.06873, 0.03383, 0.02059, 0.01351, 0.00877, 0.00479, 0.00319, 0.0016, 0.0016, 0.0, 0.0, 0.0, 0.0, 0.0),
(, 0.53512, 0.62193, 0.50917, 0.31683, 0.19271, 0.12299, 0.06873, 0.03383, 0.02059, 0.01351, 0.00877, 0.00479, 0.00319, 0.0016, 0.0016, 0.0, 0.0, 0.0, 0.0, 0.0),
(, 0.49367, 0.58467, 0.49548, 0.31626, 0.19271, 0.12299, 0.06873, 0.03383, 0.02059, 0.01351, 0.00877, 0.00479, 0.00319, 0.0016, 0.0016, 0.0, 0.0, 0.0, 0.0, 0.0),
(, 0.45182, 0.54725, 0.47306, 0.31569, 0.19271, 0.12299, 0.06873, 0.03383, 0.02059, 0.01351, 0.00877, 0.00479, 0.00319, 0.0016, 0.0016, 0.0, 0.0, 0.0, 0.0, 0.0),
(, 0.40845, 0.50197, 0.4372, 0.31057, 0.19271, 0.12299, 0.06873, 0.03383, 0.02059, 0.01351, 0.00877, 0.00479, 0.00319, 0.0016, 0.0016, 0.0, 0.0, 0.0, 0.0, 0.0),
(, 0.36922, 0.4497, 0.39677, 0.30143, 0.19271, 0.12299, 0.06873, 0.03383, 0.02059, 0.01351, 0.00877, 0.00479, 0.00319, 0.0016, 0.0016, 0.0, 0.0, 0.0, 0.0, 0.0),
(, 0.32923, 0.38534, 0.35039, 0.27404, 0.19271, 0.12158, 0.06873, 0.03383, 0.02059, 0.01351, 0.00877, 0.00479, 0.00319, 0.0016, 0.0016, 0.0, 0.0, 0.0, 0.0, 0.0),
(, 0.27327, 0.32613, 0.28809, 0.24931, 0.18418, 0.12088, 0.06873, 0.03383, 0.02059, 0.01351, 0.00877, 0.00479, 0.00319, 0.0016, 0.0016, 0.0, 0.0, 0.0, 0.0, 0.0),
(, 0.21768, 0.2516, 0.23144, 0.20428, 0.16423, 0.11238, 0.07022, 0.03383, 0.02059, 0.01351, 0.00877, 0.00479, 0.00319, 0.0016, 0.0016, 0.0, 0.0, 0.0, 0.0, 0.0),
(, 0.14803, 0.18154, 0.17092, 0.15131, 0.12995, 0.09735, 0.06352, 0.03383, 0.02059, 0.01351, 0.00877, 0.00479, 0.00319, 0.0016, 0.0016, 0.0, 0.0, 0.0, 0.0, 0.0),
(, 0.08361, 0.09723, 0.09654, 0.08493, 0.06799, 0.06202, 0.04153, 0.0245, 0.01903, 0.01351, 0.00877, 0.00479, 0.00319, 0.0016, 0.0016, 0.0, 0.0, 0.0, 0.0, 0.0),])

New occurence at: 2021-03-06 22:00:29.749400, Trojan name: HT3_3 - 4 
nu_list    = np.arange(0.0001, 0.52, 0.02)
gamma_list = np.arange(0.0001, 0.52, 0.02)

F1_score_list = np.array([
( 0.73132, 0.81583, 0.20867, 0.0, 0.0, 0.0, 0.0, 0.0, 0.0, 0.0, 0.0, 0.0, 0.0, 0.0, 0.0, 0.0, 0.0, 0.0, 0.0, 0.0, 0.0, 0.0, 0.0, 0.0, 0.0, 0.0),
( 0.75327, 0.89538, 0.79625, 0.70598, 0.61477, 0.51527, 0.4227, 0.34972, 0.28651, 0.23354, 0.19073, 0.154, 0.12846, 0.10369, 0.08708, 0.06711, 0.05362, 0.04376, 0.03452, 0.03066, 0.02289, 0.02056, 0.019, 0.01743, 0.01508, 0.01115),
( 0.79023, 0.89538, 0.79595, 0.70631, 0.61439, 0.51305, 0.4227, 0.3508, 0.2865, 0.23292, 0.19007, 0.15467, 0.12911, 0.10296, 0.08779, 0.06785, 0.05136, 0.04376, 0.03531, 0.03143, 0.02369, 0.019, 0.019, 0.01743, 0.01587, 0.01115),
( 0.79425, 0.89585, 0.79654, 0.70597, 0.61515, 0.51307, 0.42169, 0.3508, 0.2871, 0.23354, 0.19007, 0.15536, 0.12911, 0.10369, 0.08779, 0.06711, 0.05211, 0.04298, 0.03452, 0.03143, 0.02289, 0.019, 0.019, 0.01743, 0.01587, 0.01115),
( 0.79029, 0.89469, 0.79654, 0.70597, 0.61401, 0.51307, 0.4232, 0.3508, 0.28709, 0.23346, 0.19073, 0.15536, 0.12983, 0.10296, 0.08851, 0.06709, 0.05136, 0.04298, 0.03609, 0.03143, 0.02289, 0.019, 0.019, 0.01743, 0.01587, 0.01115),
( 0.78458, 0.89053, 0.79654, 0.70563, 0.61401, 0.51307, 0.42318, 0.3508, 0.28651, 0.23292, 0.19007, 0.15603, 0.12983, 0.10296, 0.08779, 0.06785, 0.05136, 0.04298, 0.03531, 0.03143, 0.02289, 0.019, 0.019, 0.01743, 0.01587, 0.01115),
( 0.77811, 0.88442, 0.79625, 0.70597, 0.61477, 0.51351, 0.4232, 0.3508, 0.28651, 0.23292, 0.19073, 0.15603, 0.12911, 0.10369, 0.08779, 0.06711, 0.05136, 0.04298, 0.03452, 0.03143, 0.02289, 0.019, 0.019, 0.01743, 0.01587, 0.01115),
( 0.76948, 0.87647, 0.79625, 0.70597, 0.61363, 0.51439, 0.42318, 0.3508, 0.28651, 0.23354, 0.19073, 0.15467, 0.12843, 0.10369, 0.08779, 0.06785, 0.05136, 0.04298, 0.03452, 0.03143, 0.02289, 0.019, 0.019, 0.01743, 0.01587, 0.01115),
( 0.76211, 0.86602, 0.79454, 0.70597, 0.61439, 0.51396, 0.4227, 0.3508, 0.28593, 0.23416, 0.19073, 0.15603, 0.12911, 0.10369, 0.08779, 0.06711, 0.05136, 0.04298, 0.03531, 0.03143, 0.02289, 0.019, 0.019, 0.01743, 0.01587, 0.01115),
( 0.74919, 0.85251, 0.79166, 0.70597, 0.61439, 0.51396, 0.42219, 0.3508, 0.28593, 0.23292, 0.19007, 0.15603, 0.12983, 0.10296, 0.08779, 0.06785, 0.05136, 0.04298, 0.03452, 0.03143, 0.02289, 0.019, 0.019, 0.01743, 0.01587, 0.01115),
( 0.73689, 0.83993, 0.78875, 0.70597, 0.61401, 0.51395, 0.4227, 0.3508, 0.28651, 0.23292, 0.19007, 0.15603, 0.12911, 0.10369, 0.08779, 0.06785, 0.05136, 0.04298, 0.03452, 0.03143, 0.02289, 0.019, 0.019, 0.01743, 0.01587, 0.01115),
( 0.72812, 0.82869, 0.78722, 0.70597, 0.61439, 0.51439, 0.4227, 0.3508, 0.28651, 0.23354, 0.19073, 0.15536, 0.12983, 0.10296, 0.08779, 0.06785, 0.05136, 0.04298, 0.03452, 0.03143, 0.02289, 0.019, 0.019, 0.01743, 0.01587, 0.01115),
( 0.71726, 0.82006, 0.77978, 0.70497, 0.61439, 0.51395, 0.4227, 0.3508, 0.28593, 0.23354, 0.19073, 0.15534, 0.12911, 0.10296, 0.08779, 0.06785, 0.05136, 0.04298, 0.03452, 0.03143, 0.02289, 0.019, 0.019, 0.01743, 0.01587, 0.01115),
( 0.70613, 0.80861, 0.77297, 0.70364, 0.61477, 0.51439, 0.4227, 0.3508, 0.28651, 0.23354, 0.19007, 0.15603, 0.12983, 0.10296, 0.08779, 0.06785, 0.05136, 0.04298, 0.03452, 0.03143, 0.02289, 0.019, 0.019, 0.01743, 0.01587, 0.01115),
( 0.68951, 0.79776, 0.76326, 0.70263, 0.61439, 0.51395, 0.4232, 0.3508, 0.28651, 0.23354, 0.19007, 0.15603, 0.12983, 0.10296, 0.08779, 0.06785, 0.05136, 0.04298, 0.03452, 0.03143, 0.02289, 0.019, 0.019, 0.01743, 0.01587, 0.01115),
( 0.67717, 0.7851, 0.75308, 0.70031, 0.61439, 0.51439, 0.4227, 0.3508, 0.28593, 0.23354, 0.19073, 0.15603, 0.12911, 0.10296, 0.08779, 0.06785, 0.05136, 0.04298, 0.03452, 0.03143, 0.02289, 0.019, 0.019, 0.01743, 0.01587, 0.01115),
( 0.66313, 0.77511, 0.74527, 0.69492, 0.61363, 0.51439, 0.4227, 0.3508, 0.28593, 0.23354, 0.19073, 0.15603, 0.12983, 0.10296, 0.08779, 0.06785, 0.05136, 0.04298, 0.03452, 0.03143, 0.02289, 0.019, 0.019, 0.01743, 0.01587, 0.01115),
( 0.65274, 0.76354, 0.7366, 0.68847, 0.6121, 0.51439, 0.4227, 0.3508, 0.28651, 0.23292, 0.19073, 0.15603, 0.12983, 0.10296, 0.08779, 0.06785, 0.05136, 0.04298, 0.03452, 0.03143, 0.02289, 0.019, 0.019, 0.01743, 0.01587, 0.01115),
( 0.63721, 0.75125, 0.7265, 0.6835, 0.60826, 0.51441, 0.4227, 0.3508, 0.28593, 0.23354, 0.19073, 0.15603, 0.12983, 0.10296, 0.08779, 0.06785, 0.05136, 0.04298, 0.03452, 0.03143, 0.02289, 0.019, 0.019, 0.01743, 0.01587, 0.01115),
( 0.62737, 0.74006, 0.71577, 0.6752, 0.60363, 0.51487, 0.4227, 0.3508, 0.28651, 0.23354, 0.19073, 0.15603, 0.12911, 0.10369, 0.08779, 0.06785, 0.05136, 0.04298, 0.03452, 0.03143, 0.02289, 0.019, 0.019, 0.01743, 0.01587, 0.01115),
( 0.61609, 0.72432, 0.70296, 0.66718, 0.59818, 0.51442, 0.4227, 0.3508, 0.28651, 0.23292, 0.19073, 0.15603, 0.12983, 0.10296, 0.08779, 0.06785, 0.05136, 0.04298, 0.03452, 0.03143, 0.02289, 0.019, 0.019, 0.01743, 0.01587, 0.01115),
( 0.60519, 0.7087, 0.6902, 0.65577, 0.59302, 0.51222, 0.4227, 0.3508, 0.28651, 0.23354, 0.19073, 0.15603, 0.12983, 0.10369, 0.08779, 0.06785, 0.05136, 0.04298, 0.03452, 0.03143, 0.02289, 0.019, 0.019, 0.01743, 0.01587, 0.01115),
( 0.58951, 0.69728, 0.6764, 0.64123, 0.58867, 0.50912, 0.4227, 0.3508, 0.28651, 0.23416, 0.19007, 0.15603, 0.12983, 0.10369, 0.08779, 0.06785, 0.05136, 0.04298, 0.03452, 0.03143, 0.02289, 0.019, 0.019, 0.01743, 0.01587, 0.01115),
( 0.5773, 0.67889, 0.66449, 0.62736, 0.57935, 0.50561, 0.42221, 0.3508, 0.28651, 0.23292, 0.19073, 0.15603, 0.12983, 0.10296, 0.08779, 0.06785, 0.05136, 0.04298, 0.03452, 0.03143, 0.02289, 0.019, 0.019, 0.01743, 0.01587, 0.01115),
( 0.55967, 0.66393, 0.65132, 0.6138, 0.57404, 0.50206, 0.4217, 0.3508, 0.28651, 0.23354, 0.19073, 0.15603, 0.12983, 0.10296, 0.08779, 0.06785, 0.05136, 0.04298, 0.03452, 0.03143, 0.02289, 0.019, 0.019, 0.01743, 0.01587, 0.01115),
( 0.54421, 0.65415, 0.63816, 0.60344, 0.56386, 0.49801, 0.42071, 0.3508, 0.28593, 0.23292, 0.19073, 0.15603, 0.12983, 0.10369, 0.08779, 0.06785, 0.05136, 0.04298, 0.03452, 0.03143, 0.02289, 0.019, 0.019, 0.01743, 0.01587, 0.01115)])

New occurence at: 2021-05-07 15:57:06.355099, Trojan name: HT_A 
F1_score_list = np.array([
(, 0.71985, 0.03053, 0.0, 0.0, 0.0, 0.0, 0.0, 0.0, 0.0, 0.0, 0.0),
(, 0.69983, 0.76086, 0.5388, 0.39459, 0.28533, 0.20431, 0.15957, 0.12235, 0.08865, 0.06645, 0.04688),
(, 0.67994, 0.76086, 0.5388, 0.39459, 0.28537, 0.20431, 0.15889, 0.12235, 0.08865, 0.06723, 0.0469),
(, 0.65762, 0.76057, 0.5388, 0.39459, 0.28712, 0.20431, 0.15957, 0.12235, 0.08865, 0.06723, 0.0469),
(, 0.63475, 0.7593, 0.5388, 0.39511, 0.28593, 0.20431, 0.15889, 0.12235, 0.08791, 0.06647, 0.0469),
(, 0.62516, 0.74963, 0.5388, 0.39459, 0.28533, 0.20431, 0.15957, 0.12235, 0.08791, 0.06723, 0.0469),
(, 0.61021, 0.73275, 0.5388, 0.39459, 0.28593, 0.20431, 0.15889, 0.12235, 0.08791, 0.06723, 0.0469),
(, 0.59114, 0.70839, 0.5388, 0.39459, 0.28593, 0.20431, 0.15957, 0.12235, 0.08791, 0.06723, 0.0469),
(, 0.57552, 0.68236, 0.5388, 0.39459, 0.28593, 0.20431, 0.15889, 0.12235, 0.08865, 0.06723, 0.0469),
(, 0.56676, 0.65211, 0.53409, 0.39459, 0.28533, 0.20431, 0.15889, 0.12235, 0.08865, 0.06723, 0.0469),
(, 0.53067, 0.61765, 0.52551, 0.39459, 0.28593, 0.20431, 0.15957, 0.12235, 0.08791, 0.06723, 0.0469),])

New occurence at: 2021-05-07 16:20:55.871192, Trojan name: HT_A 
F1_score_list = np.array([
(, 0.71055, 0.93883, 0.83785, 0.68659, 0.22923, 0.01891, 0.0, 0.0, 0.0, 0.0, 0.0, 0.0),
(, 0.7114, 0.94656, 0.90273, 0.85538, 0.79986, 0.7486, 0.70565, 0.65229, 0.60988, 0.56321, 0.52932, 0.49815),
(, 0.70459, 0.94656, 0.90248, 0.85538, 0.79957, 0.74944, 0.7053, 0.65192, 0.61177, 0.56192, 0.53106, 0.4995),
(, 0.70284, 0.94654, 0.90273, 0.85538, 0.79958, 0.74862, 0.70496, 0.65195, 0.61175, 0.56192, 0.52978, 0.4986),
(, 0.69901, 0.94414, 0.90273, 0.85564, 0.79958, 0.74894, 0.7053, 0.65157, 0.61215, 0.56279, 0.53062, 0.49815),
(, 0.69705, 0.94037, 0.90273, 0.85538, 0.79958, 0.74798, 0.7053, 0.65195, 0.61177, 0.56317, 0.53148, 0.49815),
(, 0.69071, 0.93795, 0.90243, 0.85564, 0.79986, 0.74816, 0.7053, 0.65157, 0.61175, 0.56275, 0.53148, 0.49815),
(, 0.6888, 0.93485, 0.90171, 0.85564, 0.79958, 0.74848, 0.7053, 0.65195, 0.61175, 0.56277, 0.53148, 0.4986),
(, 0.6862, 0.92971, 0.90055, 0.85564, 0.79958, 0.74894, 0.70565, 0.65195, 0.61175, 0.56277, 0.53191, 0.49815),
(, 0.68241, 0.92498, 0.89796, 0.85512, 0.79958, 0.74848, 0.7053, 0.65157, 0.61175, 0.56317, 0.53191, 0.49815),
(, 0.67642, 0.92133, 0.89581, 0.85487, 0.79958, 0.74798, 0.7053, 0.65157, 0.61175, 0.56317, 0.53148, 0.49815),
(, 0.67159, 0.91579, 0.89219, 0.85486, 0.79958, 0.74848, 0.70565, 0.65157, 0.61175, 0.56317, 0.53191, 0.49861),])

New occurence at: 2021-05-07 16:30:02.330933, Trojan name: HT_A 
F1_score_list = np.array([
(, 0.61602, 0.57696, 0.53422, 0.4982, 0.46214, 0.43177, 0.40007),
(, 0.61565, 0.57738, 0.53381, 0.4982, 0.46263, 0.43177, 0.40055),
(, 0.61642, 0.57738, 0.53466, 0.4982, 0.46263, 0.43125, 0.40103),
(, 0.61605, 0.57738, 0.53507, 0.4982, 0.46214, 0.43125, 0.40055),
(, 0.61644, 0.57776, 0.53422, 0.4982, 0.46214, 0.43223, 0.40055),
(, 0.61602, 0.57738, 0.53381, 0.4982, 0.46214, 0.43177, 0.40055),
(, 0.61644, 0.57738, 0.53381, 0.4982, 0.46214, 0.43223, 0.40055),])

New occurence at: 2021-05-07 16:41:52.759156, Trojan name: HT_A 
F1_score_list = np.array([
(

New occurence at: 2021-05-07 16:45:24.959788, Trojan name: HT_A 
F1_score_list = np.array([
(, 0.71487, 0.93691, 0.84294, 0.70333, 0.32252, 0.01112, 0.00079, 0.0, 0.0, 0.0, 0.0, 0.0, 0.0, 0.0, 0.0),
(, 0.71074, 0.94839, 0.90785, 0.86652, 0.81497, 0.7627, 0.7151, 0.67495, 0.62426, 0.58467, 0.54863, 0.51203, 0.48121, 0.45594, 0.43628),
(, 0.70559, 0.94839, 0.90808, 0.86576, 0.81497, 0.763, 0.71459, 0.6753, 0.62539, 0.58586, 0.54653, 0.51247, 0.48168, 0.45783, 0.43922),
(, 0.70138, 0.94817, 0.90832, 0.86652, 0.81497, 0.763, 0.71492, 0.6753, 0.62539, 0.58427, 0.54737, 0.51335, 0.48168, 0.45594, 0.43873),
(, 0.69989, 0.94572, 0.90832, 0.86627, 0.81497, 0.7627, 0.71459, 0.67495, 0.62464, 0.58467, 0.54779, 0.51292, 0.48214, 0.45641, 0.43776),
(, 0.69742, 0.94436, 0.90761, 0.86627, 0.81497, 0.763, 0.71492, 0.67495, 0.62426, 0.58507, 0.54737, 0.51424, 0.48214, 0.45641, 0.43776),
(, 0.69427, 0.94168, 0.90761, 0.86627, 0.81497, 0.763, 0.71426, 0.67495, 0.62426, 0.58427, 0.54737, 0.51336, 0.48168, 0.45594, 0.43776),
(, 0.68762, 0.93923, 0.90757, 0.86627, 0.81497, 0.76361, 0.71426, 0.67495, 0.62426, 0.58387, 0.54695, 0.51336, 0.48214, 0.45594, 0.43825),
(, 0.68452, 0.93629, 0.90521, 0.86627, 0.81497, 0.7633, 0.71459, 0.67495, 0.62426, 0.58427, 0.54695, 0.51203, 0.48214, 0.45594, 0.43776),
(, 0.68149, 0.93338, 0.90402, 0.86627, 0.81497, 0.7627, 0.71459, 0.6746, 0.62464, 0.58507, 0.54695, 0.5138, 0.48214, 0.45594, 0.43825),
(, 0.67683, 0.92752, 0.90069, 0.86602, 0.81497, 0.763, 0.71426, 0.67495, 0.62426, 0.58467, 0.54737, 0.51336, 0.48214, 0.45594, 0.43727),
(, 0.67354, 0.92342, 0.89733, 0.8655, 0.81497, 0.763, 0.71426, 0.67495, 0.62426, 0.58467, 0.54695, 0.51291, 0.48214, 0.45594, 0.43776),
(, 0.66738, 0.91837, 0.89536, 0.86422, 0.81524, 0.763, 0.71426, 0.67495, 0.62426, 0.58427, 0.54737, 0.51291, 0.48214, 0.45594, 0.43776),
(, 0.6635, 0.91439, 0.89197, 0.86269, 0.81524, 0.7627, 0.71426, 0.67495, 0.62464, 0.58467, 0.54779, 0.51336, 0.48214, 0.45594, 0.43776),
(, 0.65856, 0.9095, 0.88831, 0.86012, 0.81524, 0.763, 0.71426, 0.67495, 0.62464, 0.58507, 0.54779, 0.5138, 0.48214, 0.45594, 0.43776),])

New occurence at: 2021-05-07 17:13:04.590792, Trojan name: HT_A 
F1_score_list = np.array([
(, 0.80983, 0.7896, 0.77018, 0.75168),
(, 0.80983, 0.79017, 0.77164, 0.75076),
(, 0.80982, 0.78932, 0.77223, 0.75073),
(, 0.80928, 0.79129, 0.77106, 0.75164),])

New occurence at: 2021-05-07 17:14:30.434323, Trojan name: HT_A 
F1_score_list = np.array([
(, 0.68386, 0.94715, 0.91278, 0.88115, 0.81482, 0.74822, 0.61937, 0.43143, 0.23861, 0.13971),
(, 0.68452, 0.95223, 0.933, 0.91227, 0.89148, 0.873, 0.85183, 0.83426, 0.81435, 0.79107),
(, 0.68222, 0.95245, 0.93344, 0.91272, 0.89148, 0.87397, 0.85234, 0.83479, 0.8138, 0.79182),
(, 0.67978, 0.94972, 0.93322, 0.91272, 0.89148, 0.87397, 0.85139, 0.83504, 0.81525, 0.7927),
(, 0.67621, 0.9461, 0.93235, 0.91294, 0.89148, 0.87329, 0.8524, 0.83452, 0.81417, 0.79223),
(, 0.6741, 0.94099, 0.92908, 0.91181, 0.89125, 0.87422, 0.85208, 0.83485, 0.81363, 0.79212),
(, 0.67073, 0.93756, 0.92444, 0.91045, 0.89125, 0.87397, 0.85234, 0.83486, 0.81436, 0.79269),
(, 0.66762, 0.93322, 0.92134, 0.90727, 0.89101, 0.87495, 0.85158, 0.83556, 0.81436, 0.79278),
(, 0.66628, 0.92708, 0.91774, 0.90574, 0.88979, 0.87427, 0.8524, 0.83504, 0.8139, 0.79335),
(, 0.66167, 0.92194, 0.91343, 0.90206, 0.88879, 0.87343, 0.85208, 0.83556, 0.81435, 0.79297),])

New occurence at: 2021-05-07 17:22:17.861615, Trojan name: HT_A 
F1_score_list = np.array([
(, 0.67974, 0.8715, 0.95982, 0.95789, 0.95133, 0.95004, 0.94418, 0.93963, 0.93091, 0.92727, 0.91492, 0.91013, 0.90121),
(, 0.67985, 0.87506, 0.96226, 0.9598, 0.95597, 0.95236, 0.9494, 0.94677, 0.94374, 0.93791, 0.93349, 0.92923, 0.92501),
(, 0.68072, 0.87537, 0.96247, 0.95959, 0.95618, 0.95257, 0.94961, 0.94613, 0.94331, 0.93943, 0.9335, 0.92991, 0.9257),
(, 0.68093, 0.87803, 0.96226, 0.95938, 0.95639, 0.95257, 0.94962, 0.94653, 0.94395, 0.93855, 0.93349, 0.9288, 0.92503),
(, 0.68034, 0.88146, 0.96226, 0.95959, 0.95639, 0.95236, 0.94983, 0.94677, 0.94331, 0.93855, 0.93284, 0.92969, 0.92523),
(, 0.67916, 0.88321, 0.96226, 0.95938, 0.95639, 0.95257, 0.95004, 0.94632, 0.94331, 0.93877, 0.93261, 0.92969, 0.92547),
(, 0.679, 0.884, 0.96144, 0.9598, 0.95618, 0.95257, 0.94982, 0.94677, 0.94374, 0.93855, 0.93328, 0.92967, 0.92523),
(, 0.67909, 0.88573, 0.96081, 0.95938, 0.95618, 0.95236, 0.94961, 0.94675, 0.94352, 0.93833, 0.93328, 0.92946, 0.92525),
(, 0.67818, 0.88557, 0.96099, 0.95917, 0.95618, 0.95257, 0.9494, 0.94653, 0.94395, 0.93855, 0.93284, 0.92946, 0.92569),
(, 0.67838, 0.88555, 0.95996, 0.95918, 0.95575, 0.95277, 0.94982, 0.94655, 0.94373, 0.93833, 0.93327, 0.9299, 0.92547),
(, 0.67831, 0.88475, 0.96013, 0.95814, 0.95533, 0.95257, 0.94961, 0.94656, 0.94374, 0.93899, 0.9335, 0.92925, 0.9257),
(, 0.67759, 0.88425, 0.95909, 0.95832, 0.95533, 0.95214, 0.94983, 0.94653, 0.94395, 0.93855, 0.93305, 0.92924, 0.92546),
(, 0.67752, 0.88184, 0.95766, 0.95645, 0.95469, 0.95235, 0.9492, 0.94655, 0.94374, 0.93877, 0.93328, 0.92991, 0.92524),])

New occurence at: 2021-05-07 17:26:33.629398, Trojan name: HT_A 
F1_score_list = np.array([
(, 0.68384, 0.80284, 0.88049, 0.95653, 0.95767, 0.95656, 0.9572, 0.95368, 0.9491),
(, 0.68394, 0.80245, 0.87939, 0.95758, 0.96017, 0.95919, 0.95744, 0.95609, 0.95457),
(, 0.68488, 0.80245, 0.881, 0.95757, 0.96015, 0.96001, 0.95764, 0.95588, 0.95479),
(, 0.685, 0.80238, 0.88143, 0.95739, 0.96036, 0.9598, 0.95744, 0.95588, 0.95479),
(, 0.68483, 0.80226, 0.88147, 0.95739, 0.96056, 0.96001, 0.95763, 0.9563, 0.95437),
(, 0.68475, 0.80297, 0.88084, 0.95798, 0.96015, 0.9596, 0.95744, 0.9565, 0.95458),
(, 0.68476, 0.80454, 0.88206, 0.95758, 0.96036, 0.9598, 0.95764, 0.9563, 0.95477),
(, 0.68496, 0.80448, 0.88163, 0.9578, 0.96015, 0.9598, 0.95785, 0.9563, 0.95456),
(, 0.68452, 0.80513, 0.87889, 0.9576, 0.96036, 0.9596, 0.95783, 0.9565, 0.95477),])

New occurence at: 2021-05-07 17:40:27.470905, Trojan name: HT_A 
F1_score_list = np.array([
(, 0.8678, 0.9631, 0.96902, 0.97051),
(, 0.86386, 0.9635, 0.96916, 0.97028),
(, 0.86472, 0.96397, 0.96885, 0.96982),
(, 0.86638, 0.9645, 0.9684, 0.96951),])

New occurence at: 2021-05-07 17:51:57.441273, Trojan name: HT_A 
F1_score_list = np.array([
(, 0.97137),])

New occurence at: 2021-05-07 18:14:23.264689, Trojan name: HT_A 
F1_score_list = np.array([
(, 0.97043),])

New occurence at: 2021-05-08 11:52:38.376454, Trojan name: HT_B 
F1_score_list = np.array([
(, 0.97155, 0.97322, 0.96972, 0.959, 0.93208, 0.88728, 0.8245, 0.77552, 0.70971, 0.63469, 0.51698),
(, 0.95631, 0.95464, 0.95376, 0.95193, 0.9474, 0.93969, 0.92649, 0.90834, 0.89657, 0.87532, 0.85799),
(, 0.93488, 0.936, 0.93528

New occurence at: 2021-05-08 12:15:03.006753, Trojan name: HT_B 
F1_score_list = np.array([
(, 0.9637, 0.96504, 0.94118, 0.90414, 0.7748, 0.53986, 0.27708, 0.09219, 0.04001, 0.019, 0.01746),
(, 0.96255, 0.95379, 0.94333, 0.92579, 0.90473, 0.87782, 0.84386, 0.8185, 0.77672, 0.74839, 0.72378),
(, 0.94265, 0.9373, 0.93, 0.91809, 0.90292, 0.8802, 0.84341, 0.81423, 0.77845, 0.75562, 0.72048),
(, 0.92304, 0.91949, 0.91266, 0.90013, 0.89157, 0.86963, 0.8421, 0.81449, 0.78031, 0.75578, 0.72345),
(, 0.90612, 0.89798, 0.89397, 0.88924, 0.87603, 0.85975, 0.84022, 0.81011, 0.78126, 0.75059, 0.71383),
(, 0.88361, 0.87617, 0.87444, 0.86774, 0.85445, 0.84348, 0.82832, 0.80172, 0.78378, 0.74981, 0.72145),
(, 0.85829, 0.85331, 0.85016, 0.84798, 0.83898, 0.82863, 0.80855, 0.7912, 0.76021, 0.73644, 0.71537),
(, 0.82611, 0.8299, 0.82426, 0.82546, 0.81499, 0.81249, 0.78879, 0.76925, 0.74974, 0.72383, 0.70441),
(, 0.80223, 0.80346, 0.80141, 0.79526, 0.79384, 0.78095, 0.77004, 0.75339, 0.73536, 0.71008, 0.68737),
(, 0.77446, 0.77436, 0.7722, 0.77015, 0.7657, 0.75389, 0.74476, 0.72735, 0.71254, 0.69272, 0.6762),
(, 0.73964, 0.74206, 0.74526, 0.74457, 0.73628, 0.72671, 0.71977, 0.70884, 0.69306, 0.66873, 0.65479),])

New occurence at: 2021-05-08 12:25:24.078732, Trojan name: HT_B 
F1_score_list = np.array([
(, 0.96485, 0.97258, 0.96751, 0.963, 0.95948, 0.95491, 0.94775, 0.94459, 0.93424, 0.92519, 0.91932, 0.9082),
(, 0.96998, 0.96895, 0.96669, 0.96281, 0.96093, 0.95554, 0.94968, 0.94413, 0.93942, 0.93442, 0.92938, 0.92538),
(, 0.96527, 0.96484, 0.96299, 0.95867, 0.95678, 0.95385, 0.94987, 0.94433, 0.93942, 0.93464, 0.92894, 0.92471),
(, 0.962, 0.95886, 0.95681, 0.95492, 0.95386, 0.94985, 0.94711, 0.94327, 0.93878, 0.93421, 0.9296, 0.92493),
(, 0.95603, 0.95526, 0.95305, 0.95115, 0.94901, 0.94583, 0.94287, 0.94007, 0.93662, 0.9327, 0.92937, 0.92427),
(, 0.95262, 0.95106, 0.94773, 0.94564, 0.94261, 0.94218, 0.93921, 0.93682, 0.93443, 0.92987, 0.92739, 0.92141),
(, 0.94641, 0.94828, 0.94363, 0.94326, 0.93957, 0.93634, 0.93337, 0.93228, 0.93093, 0.92765, 0.92478, 0.91988),
(, 0.9432, 0.94034, 0.93865, 0.93826, 0.93548, 0.93308, 0.93006, 0.92936, 0.92717, 0.92456, 0.92035, 0.91654),
(, 0.93785, 0.93337, 0.93299, 0.93541, 0.93111, 0.92847, 0.92608, 0.92471, 0.9225, 0.92141, 0.91938, 0.9147),
(, 0.93154, 0.92763, 0.92856, 0.92994, 0.92713, 0.9232, 0.92207, 0.92091, 0.91759, 0.916, 0.91412, 0.91059),
(, 0.92474, 0.92386, 0.92148, 0.92352, 0.92288, 0.91977, 0.91756, 0.91665, 0.9153, 0.91262, 0.91073, 0.90934),
(, 0.92072, 0.91867, 0.91341, 0.91742, 0.91477, 0.91577, 0.91483, 0.91327, 0.90962, 0.9085, 0.90869, 0.90475),])

New occurence at: 2021-05-08 12:30:37.559672, Trojan name: HT_B 
F1_score_list = np.array([
(, 0.97456, 0.97418, 0.97315, 0.97297, 0.97237, 0.97178, 0.97197, 0.97056, 0.97058, 0.96913, 0.9681, 0.96708),
(, 0.97395, 0.97334, 0.97237, 0.97178, 0.97157, 0.97136, 0.97178, 0.97079, 0.97058, 0.96892, 0.96789, 0.96748),
(, 0.97355, 0.9721, 0.97175, 0.97178, 0.97157, 0.97034, 0.97113, 0.97016, 0.96995, 0.96831, 0.96748, 0.96706),
(, 0.97255, 0.97171, 0.97094, 0.97034, 0.97074, 0.97034, 0.96995, 0.96972, 0.96851, 0.96788, 0.96682, 0.96684),
(, 0.97073, 0.97074, 0.97034, 0.97032, 0.96909, 0.96869, 0.96851, 0.96812, 0.96847, 0.96785, 0.96702, 0.96682),
(, 0.96907, 0.96992, 0.96991, 0.9695, 0.96789, 0.96786, 0.96768, 0.96664, 0.9662, 0.96599, 0.96597, 0.96618),
(, 0.9683, 0.96768, 0.96807, 0.9677, 0.96646, 0.96666, 0.96667, 0.96563, 0.96581, 0.96576, 0.96514, 0.96492),
(, 0.96665, 0.96747, 0.96726, 0.96643, 0.96582, 0.96605, 0.96584, 0.96584, 0.96519, 0.96476, 0.96453, 0.96389),
(, 0.96584, 0.96668, 0.96643, 0.96602, 0.96541, 0.96522, 0.96461, 0.96565, 0.9646, 0.96373, 0.96307, 0.96266),
(, 0.96525, 0.96499, 0.96481, 0.96561, 0.96438, 0.9642, 0.96358, 0.96316, 0.96417, 0.96291, 0.96248, 0.96205),
(, 0.96464, 0.96276, 0.96419, 0.96522, 0.96396, 0.96379, 0.96296, 0.96192, 0.96228, 0.96146, 0.96167, 0.96146),
(, 0.9632, 0.96054, 0.9622, 0.96383, 0.96317, 0.96256, 0.96233, 0.96212, 0.96128, 0.96123, 0.96105, 0.95982),])

New occurence at: 2021-05-08 12:32:21.239087, Trojan name: HT_B 
F1_score_list = np.array([
(, 0.96933, 0.97212, 0.97383, 0.97383, 0.97403, 0.97383),
(, 0.96721, 0.9723, 0.97343, 0.97363, 0.97403, 0.97383),
(, 0.96829, 0.97187, 0.97323, 0.97322, 0.97282, 0.97282),
(, 0.96842, 0.97165, 0.97282, 0.97262, 0.97262, 0.97301),
(, 0.9682, 0.97144, 0.97202, 0.97262, 0.97262, 0.97301),
(, 0.96818, 0.97124, 0.9716, 0.97201, 0.9726, 0.97221),])

New occurence at: 2021-05-20 22:47:28.318867, Trojan name: HT_a 
F1_score_list = np.array([
(, 0.7119, 0.77796, 0.88786, 0.90648, 0.92126, 0.92568),
(, 0.71089, 0.77783, 0.89037, 0.90934, 0.92142, 0.92716),
(, 0.7104, 0.77802, 0.89115, 0.91014, 0.92159, 0.9275),
(, 0.7124, 0.77738, 0.89058, 0.91014, 0.92159, 0.92731),
(, 0.71589, 0.77726, 0.89078, 0.90993, 0.92159, 0.92734),
(, 0.71814, 0.77738, 0.89058, 0.90997, 0.92138, 0.92734),])

New occurence at: 2021-05-25 00:14:56.014713, Trojan name: HT_a 
F1_score_list = np.array([
(, 0.68324, 0.71439, 0.77332, 0.79045, 0.79993, 0.80522),
(, 0.68342, 0.71419, 0.77662, 0.78939, 0.80021, 0.80659),
(, 0.68578, 0.71415, 0.77638, 0.78978, 0.79967, 0.80659),
(, 0.68664, 0.71386, 0.77638, 0.78965, 0.79948, 0.80659),
(, 0.6895, 0.71396, 0.77638, 0.78953, 0.79954, 0.80645),
(, 0.69047, 0.71396, 0.77638, 0.78926, 0.79941, 0.80659),])

New occurence at: 2021-05-25 00:16:09.749262, Trojan name: HT_a^10 
F1_score_list = np.array([
(, 0.67796, 0.6963, 0.74126, 0.7643, 0.77559, 0.78318),
(, 0.68564, 0.69755, 0.74306, 0.76434, 0.77556, 0.78334),
(, 0.68851, 0.70449, 0.7455, 0.76392, 0.77468, 0.78294),
(, 0.69064, 0.70947, 0.75363, 0.76875, 0.77715, 0.78403),
(, 0.69168, 0.71225, 0.75919, 0.77296, 0.78111, 0.78699),
(, 0.6927, 0.71376, 0.76312, 0.77666, 0.78433, 0.78905),])

New occurence at: 2021-05-25 11:54:26.076924, Trojan name: HT_a^10 
F1_score_list = np.array([
(, 0.68313, 0.81337, 0.81915, 0.812, 0.7796, 0.7387, 0.61653, 0.33186

New occurence at: 2021-05-25 11:56:35.595133, Trojan name: HT_a^10 
F1_score_list = np.array([
(, 0.68146, 0.81481, 0.81911, 0.81131, 0.77992),
(, 0.69747, 0.81533, 0.82144, 0.82122, 0.81323),
(, 0.70166, 0.81614, 0.82152, 0.82129, 0.81334),
(, 0.70181, 0.8177, 0.82269, 0.82127, 0.81326),
(, 0.70245, 0.81909, 0.82345, 0.82148, 0.8133),])

New occurence at: 2021-05-25 12:02:12.836012, Trojan name: HT_a^10 
F1_score_list = np.array([
(, 0.81625, 0.82164, 0.82354, 0.82385, 0.82204),
(, 0.81651, 0.82251, 0.82391, 0.82414, 0.8223),
(, 0.81807, 0.82292, 0.82455, 0.82447, 0.82278),
(, 0.81842, 0.82365, 0.82536, 0.82497, 0.82329),
(, 0.81846, 0.82401, 0.82496, 0.82558, 0.82364),])

New occurence at: 2021-05-25 12:07:27.258005, Trojan name: HT_a^10 
F1_score_list = np.array([
(, 0.82343, 0.82343, 0.82332, 0.82298, 0.82197, 0.82058),
(, 0.8237, 0.82353, 0.82366, 0.8232, 0.8224, 0.82094),
(, 0.8241, 0.82376, 0.82397, 0.82354, 0.82241, 0.82099),
(, 0.82407, 0.82395, 0.82403, 0.82367, 0.82255, 0.82123),
(, 0.82449, 0.82444, 0.8245, 0.82365, 0.82265, 0.82129),
(, 0.82439, 0.82416, 0.82453, 0.82388, 0.82284, 0.82106),])

New occurence at: 2021-05-26 20:39:47.810613, Trojan name: HT_a^10 
F1_score_list = np.array([
(, 0.78215, 0.77919, 0.77649, 0.77321, 0.77017, 0.76697, 0.76199, 0.75811, 0.7545, 0.75158, 0.74775),
(, 0.78225, 0.77919, 0.77642, 0.77316, 0.77011, 0.76686, 0.76217, 0.75791, 0.75443, 0.7515, 0.74769),
(, 0.78231, 0.77912, 0.7765, 0.77318, 0.77, 0.76701, 0.76212, 0.75809, 0.75445, 0.7514, 0.74778),
(, 0.78224, 0.77912, 0.77645, 0.77319, 0.77014, 0.76689, 0.76213, 0.75802, 0.75457, 0.75161, 0.74755),
(, 0.78219, 0.77919, 0.77659, 0.77322, 0.77005, 0.76691, 0.76216, 0.75795, 0.75442, 0.75148, 0.74767),
(, 0.78235, 0.77903, 0.7766, 0.77317, 0.77024, 0.7671, 0.76225, 0.75796, 0.75437, 0.75145, 0.74771),
(, 0.7823, 0.77905, 0.77651, 0.77323, 0.77003, 0.76695, 0.7623, 0.7579, 0.75437, 0.75148, 0.74773),
(, 0.7822, 0.77911, 0.77653, 0.7732, 0.7702, 0.76702, 0.76223, 0.75801, 0.75434, 0.75155, 0.74786),
(, 0.78213, 0.77922, 0.77657, 0.77328, 0.77011, 0.7669, 0.76218, 0.75802, 0.75445, 0.75141, 0.74766),
(, 0.78227, 0.77913, 0.77655, 0.7733, 0.77005, 0.76699, 0.76215, 0.75802, 0.75435, 0.75155, 0.74758),
(, 0.78231, 0.77919, 0.77659, 0.77331, 0.77006, 0.76693, 0.76219, 0.75788, 0.75439, 0.75159, 0.74772),])

New occurence at: 2021-05-26 20:52:17.986136, Trojan name: HT_a^10 
F1_score_list = np.array([
(, 0.82824),])

New occurence at: 2021-05-26 20:58:37.203999, Trojan name: HT_a^10 
F1_score_list = np.array([
(, 0.82155),])

New occurence at: 2021-05-26 20:59:22.436542, Trojan name: HT_a^10 
F1_score_list = np.array([
(, 0.8082),])

New occurence at: 2021-05-26 21:00:16.180253, Trojan name: HT_a^10 
F1_score_list = np.array([
(, 0.81717),])

New occurence at: 2021-05-26 21:06:05.639460, Trojan name: HT_a^10 
F1_score_list = np.array([
(, 0.81674),])

New occurence at: 2021-05-26 21:07:32.779943, Trojan name: HT_a^10 
F1_score_list = np.array([
(, 0.82129),])

New occurence at: 2021-05-26 21:17:54.874544, Trojan name: HT_a^10 
F1_score_list = np.array([
(, 0.82176),])

New occurence at: 2021-05-26 21:21:03.712737, Trojan name: HT_a^10 
F1_score_list = np.array([
(, 0.8205),])

New occurence at: 2021-05-26 21:50:31.450662, Trojan name: HT_a^10 
F1_score_list = np.array([
(, 0.82222),])

New occurence at: 2021-05-27 12:45:25.810794, Trojan name: HT_a^10 
F1_score_list = np.array([
(, 0.78295, 0.78959, 0.79412, 0.79754, 0.80017),
(, 0.78374, 0.79059, 0.79525, 0.7987, 0.80128),
(, 0.78504, 0.79147, 0.79647, 0.79993, 0.80233),
(, 0.78612, 0.79216, 0.79687, 0.80037, 0.80312),
(, 0.78737, 0.79287, 0.79781, 0.8008, 0.80391),])

New occurence at: 2021-05-27 13:22:21.916903, Trojan name: HT_c^100 
F1_score_list = np.array([
(, 0.82457, 0.97652, 0.97415, 0.97089, 0.9669, 0.96249, 0.9571, 0.95299, 0.94774, 0.94205, 0.93541),
(, 0.82443, 0.97662, 0.97417, 0.97103, 0.9669, 0.96257, 0.95742, 0.95303, 0.94806, 0.94225, 0.9357),
(, 0.82602, 0.97662, 0.97417, 0.97103, 0.9669, 0.96251, 0.95734, 0.95305, 0.94823, 0.94216, 0.93584),
(, 0.83345, 0.97665, 0.97421, 0.97101, 0.96684, 0.96255, 0.95748, 0.95293, 0.94823, 0.94234, 0.9357),
(, 0.83067, 0.97672, 0.97413, 0.97099, 0.96686, 0.96255, 0.95732, 0.95305, 0.94808, 0.94216, 0.93579),
(, 0.82693, 0.97686, 0.97413, 0.97099, 0.96688, 0.96253, 0.95734, 0.95294, 0.94811, 0.94223, 0.93572),
(, 0.82418, 0.9765, 0.97427, 0.97114, 0.96682, 0.96255, 0.95742, 0.95295, 0.94817, 0.94227, 0.93579),
(, 0.82366, 0.97593, 0.9738, 0.97112, 0.96701, 0.96251, 0.9574, 0.95299, 0.94823, 0.94225, 0.93577),
(, 0.82337, 0.97543, 0.97362, 0.97099, 0.9671, 0.96276, 0.9574, 0.95299, 0.9481, 0.94218, 0.93581),
(, 0.82307, 0.97471, 0.97319, 0.97075, 0.96713, 0.96286, 0.95755, 0.95297, 0.94813, 0.94219, 0.93581),
(, 0.82387, 0.97422, 0.97264, 0.97041, 0.96683, 0.96293, 0.95771, 0.95305, 0.94816, 0.94219, 0.93579),])

New occurence at: 2021-05-29 00:29:27.509216, Trojan name: HT_c^50 
F1_score_list = np.array([
(, 0.80333, 0.96345, 0.9615, 0.95956, 0.95624, 0.95273, 0.94847, 0.94424, 0.94015, 0.93515, 0.93016),
(, 0.80323, 0.96351, 0.96164, 0.95946, 0.9562, 0.95277, 0.94832, 0.94441, 0.94025, 0.93528, 0.93037),
(, 0.80236, 0.96355, 0.96164, 0.95946, 0.95622, 0.95282, 0.94842, 0.94439, 0.94037, 0.93525, 0.93023),
(, 0.80495, 0.96349, 0.96162, 0.95949, 0.95618, 0.95286, 0.94845, 0.94441, 0.94032, 0.93532, 0.93037),
(, 0.80812, 0.9635, 0.96161, 0.95956, 0.9563, 0.95272, 0.94853, 0.94447, 0.94045, 0.9353, 0.93046),
(, 0.81153, 0.96301, 0.96183, 0.95944, 0.95624, 0.95284, 0.94844, 0.94443, 0.94039, 0.93521, 0.93042),
(, 0.81383, 0.9631, 0.96205, 0.95966, 0.9563, 0.95282, 0.94841, 0.94451, 0.94041, 0.93527, 0.93031),
(, 0.81596, 0.96295, 0.96177, 0.95976, 0.95654, 0.95278, 0.94838, 0.94453, 0.94039, 0.93525, 0.93046),
(, 0.81694, 0.9624, 0.96135, 0.95962, 0.95658, 0.95293, 0.94844, 0.94449, 0.94044, 0.93531, 0.9305),
(, 0.81801, 0.96213, 0.96126, 0.95936, 0.95666, 0.953, 0.94866, 0.94449, 0.94036, 0.93529, 0.93038),
(, 0.81752, 0.9614, 0.96093, 0.95947, 0.95666, 0.95303, 0.94862, 0.94447, 0.9404, 0.93535, 0.93045),])

New occurence at: 2021-05-29 04:14:00.674299, Trojan name: HT_b^100 
F1_score_list = np.array([
(, 0.79762, 0.97446, 0.97191, 0.96847, 0.96397, 0.9596, 0.9542, 0.94897, 0.94367, 0.93851, 0.93262),
(, 0.79766, 0.97448, 0.97197, 0.96816, 0.96397, 0.9596, 0.95422, 0.9491, 0.94389, 0.9384, 0.93273),
(, 0.79812, 0.97444, 0.97201, 0.96829, 0.96393, 0.95951, 0.95422, 0.9491, 0.94396, 0.93851, 0.93276),
(, 0.79691, 0.97438, 0.97197, 0.96825, 0.96388, 0.95941, 0.95435, 0.94912, 0.94409, 0.93836, 0.93274),
(, 0.79991, 0.97394, 0.9718, 0.96827, 0.96384, 0.95947, 0.95437, 0.94908, 0.94391, 0.93847, 0.93271),
(, 0.80111, 0.97339, 0.97162, 0.9682, 0.96393, 0.95947, 0.95448, 0.9491, 0.944, 0.93838, 0.93267),
(, 0.80267, 0.97298, 0.97137, 0.96804, 0.96393, 0.95951, 0.95437, 0.94908, 0.94409, 0.93849, 0.93264),
(, 0.80242, 0.97255, 0.97088, 0.96808, 0.96397, 0.95956, 0.95435, 0.94916, 0.94405, 0.93853, 0.93253),
(, 0.80327, 0.97195, 0.97048, 0.96783, 0.96391, 0.9596, 0.95433, 0.9491, 0.94402, 0.93849, 0.93262),
(, 0.80306, 0.97112, 0.96992, 0.96755, 0.9639, 0.95947, 0.95433, 0.94912, 0.94405, 0.93851, 0.93266),
(, 0.80252, 0.97015, 0.96936, 0.96726, 0.96369, 0.95951, 0.95439, 0.94904, 0.94402, 0.93851, 0.93268),])

New occurence at: 2021-05-29 13:59:43.300696, Trojan name: HT_b^50 
F1_score_list = np.array([
(, 0.78942, 0.9576, 0.95635, 0.95343, 0.95023, 0.94706, 0.94286, 0.93926, 0.93494, 0.93021, 0.92529),
(, 0.78921, 0.95766, 0.95639, 0.95347, 0.95042, 0.94697, 0.94294, 0.93941, 0.93522, 0.93031, 0.92564),
(, 0.78944, 0.95766, 0.95649, 0.95332, 0.95032, 0.94712, 0.94292, 0.93926, 0.93521, 0.93027, 0.92557),
(, 0.78953, 0.95777, 0.95643, 0.95332, 0.95036, 0.94712, 0.94286, 0.9392, 0.93512, 0.93018, 0.92551),
(, 0.7913, 0.95791, 0.95639, 0.95332, 0.95042, 0.94718, 0.94284, 0.93926, 0.93512, 0.9302, 0.92547),
(, 0.79283, 0.95767, 0.95629, 0.95332, 0.95042, 0.9471, 0.94287, 0.93919, 0.93512, 0.93021, 0.92547),
(, 0.79451, 0.95709, 0.95618, 0.95334, 0.95042, 0.94706, 0.94288, 0.93926, 0.93515, 0.93022, 0.92545),
(, 0.79458, 0.95661, 0.95597, 0.95334, 0.95033, 0.9472, 0.94283, 0.93926, 0.93517, 0.93027, 0.92554),
(, 0.79336, 0.95611, 0.95538, 0.9533, 0.9505, 0.94719, 0.94281, 0.93922, 0.93512, 0.93027, 0.92558),
(, 0.7933, 0.95546, 0.95512, 0.95321, 0.95057, 0.94727, 0.94287, 0.93929, 0.93513, 0.93026, 0.92552),
(, 0.79328, 0.95478, 0.95459, 0.9529, 0.95042, 0.94717, 0.94294, 0.93927, 0.93515, 0.93024, 0.92562),])

New occurence at: 2021-05-29 21:49:31.965832, Trojan name: HT_a^100 
F1_score_list = np.array([
(, 0.76066, 0.92051, 0.94346, 0.95084, 0.95108, 0.9492, 0.9456, 0.94197, 0.93847, 0.93388, 0.92835),
(, 0.76089, 0.92057, 0.9434, 0.95086, 0.95114, 0.94917, 0.94556, 0.94232, 0.93856, 0.93415, 0.92889),
(, 0.76193, 0.92053, 0.94344, 0.95086, 0.95116, 0.94917, 0.94546, 0.94244, 0.93847, 0.93409, 0.92887),
(, 0.76409, 0.92286, 0.94348, 0.95084, 0.95109, 0.94923, 0.94539, 0.94247, 0.93842, 0.93402, 0.92885),
(, 0.76733, 0.92479, 0.94422, 0.9509, 0.95116, 0.94919, 0.94539, 0.94245, 0.93843, 0.93395, 0.92896),
(, 0.76962, 0.9271, 0.94481, 0.95101, 0.95114, 0.94921, 0.94546, 0.94242, 0.93843, 0.93402, 0.92898),
(, 0.77008, 0.92779, 0.94455, 0.95099, 0.95112, 0.94917, 0.94543, 0.94245, 0.93838, 0.93397, 0.92889),
(, 0.76996, 0.92814, 0.94421, 0.95091, 0.95116, 0.94921, 0.94535, 0.94243, 0.93845, 0.93398, 0.92891),
(, 0.76986, 0.92873, 0.9444, 0.95071, 0.95111, 0.94919, 0.94545, 0.94249, 0.93847, 0.93402, 0.92895),
(, 0.77004, 0.92892, 0.944, 0.9504, 0.95091, 0.94925, 0.94546, 0.9424, 0.93845, 0.93417, 0.92889),
(, 0.77036, 0.92888, 0.94398, 0.94996, 0.95089, 0.9494, 0.94552, 0.94241, 0.93843, 0.934, 0.92893),])

New occurence at: 2021-05-30 15:59:08.682499, Trojan name: HT_a^50 
F1_score_list = np.array([
(, 0.76694, 0.89995, 0.9263, 0.93408, 0.93574, 0.93428, 0.93242, 0.92934, 0.92542, 0.92112, 0.91595),
(, 0.76704, 0.89974, 0.92621, 0.93405, 0.93561, 0.93458, 0.93265, 0.92944, 0.92559, 0.92171, 0.91622),
(, 0.76693, 0.89965, 0.92612, 0.93412, 0.93567, 0.93449, 0.93262, 0.92936, 0.92559, 0.92165, 0.91628),
(, 0.76741, 0.90221, 0.92617, 0.93404, 0.93565, 0.93458, 0.93256, 0.92926, 0.92566, 0.92167, 0.91628),
(, 0.76777, 0.90468, 0.9265, 0.93404, 0.93565, 0.93454, 0.93259, 0.92926, 0.92557, 0.92167, 0.9163),
(, 0.7689, 0.90702, 0.9266, 0.93411, 0.93563, 0.93455, 0.93257, 0.92922, 0.92557, 0.92169, 0.9162),
(, 0.76929, 0.90864, 0.92671, 0.93417, 0.93563, 0.9346, 0.93266, 0.92933, 0.92557, 0.92167, 0.91628),
(, 0.77073, 0.90974, 0.92698, 0.93403, 0.93579, 0.93451, 0.9326, 0.92932, 0.92561, 0.9216, 0.91628),
(, 0.77149, 0.91072, 0.92702, 0.93401, 0.9358, 0.93449, 0.93265, 0.92928, 0.92551, 0.92163, 0.91622),
(, 0.77163, 0.9108, 0.92695, 0.9337, 0.93559, 0.93451, 0.9326, 0.92932, 0.92557, 0.92161, 0.91626),
(, 0.77144, 0.91132, 0.92659, 0.93334, 0.9355, 0.93431, 0.9326, 0.92934, 0.92557, 0.92174, 0.9163),])

New occurence at: 2021-06-05 20:34:14.873875, Trojan name: HT_c^100 
F1_score_list = np.array([
(

New occurence at: 2021-06-05 20:40:14.378758, Trojan name: HT_c^100 
F1_score_list = np.array([
(, 0.78968, 0.98169, 0.9826, 0.98263, 0.98228, 0.98216, 0.98109, 0.9803, 0.97928, 0.97801, 0.97631),
(, 0.7891, 0.98167, 0.98258, 0.98255, 0.98238, 0.98218, 0.98111, 0.98034, 0.97948, 0.97791, 0.97639),
(, 0.79043, 0.98198, 0.98258, 0.98257, 0.9824, 0.9822, 0.98109, 0.98034, 0.97944, 0.97786, 0.97653),
(, 0.79159, 0.98209, 0.98255, 0.98257, 0.9824, 0.98216, 0.98109, 0.98028, 0.97952, 0.97784, 0.97653),
(, 0.7944, 0.98218, 0.98269, 0.98263, 0.9824, 0.98222, 0.98105, 0.98032, 0.97948, 0.97785, 0.97643),
(, 0.79625, 0.98217, 0.98268, 0.98268, 0.98242, 0.98222, 0.98105, 0.98034, 0.97942, 0.97796, 0.97637),
(, 0.79715, 0.98205, 0.98262, 0.98264, 0.98249, 0.98228, 0.98103, 0.98034, 0.97944, 0.9779, 0.97647),
(, 0.79837, 0.98172, 0.98243, 0.98256, 0.98243, 0.98219, 0.98107, 0.98028, 0.97946, 0.97791, 0.97641),
(, 0.79926, 0.98143, 0.98231, 0.98235, 0.98239, 0.98219, 0.98109, 0.98032, 0.97948, 0.97791, 0.97639),
(, 0.79859, 0.98132, 0.98186, 0.98229, 0.9823, 0.98217, 0.98116, 0.98034, 0.97948, 0.97787, 0.97641),
(, 0.79831, 0.98104, 0.9817, 0.9823, 0.98228, 0.98219, 0.98116, 0.98041, 0.97948, 0.97794, 0.97639),])

New occurence at: 2021-06-06 15:22:35.822475, Trojan name: HT_c^100 
F1_score_list = np.array([
(, 0.79464, 0.98216, 0.98258, 0.98278, 0.98247, 0.98164, 0.98049, 0.97943, 0.97784, 0.97604, 0.97366),
(, 0.7945, 0.98215, 0.98259, 0.98279, 0.98241, 0.98167, 0.98053, 0.97939, 0.97787, 0.97614, 0.97378),
(, 0.79607, 0.98213, 0.98256, 0.98278, 0.98244, 0.98166, 0.98051, 0.97941, 0.97793, 0.97614, 0.97375),
(, 0.79969, 0.98224, 0.98258, 0.98277, 0.98244, 0.98162, 0.9805, 0.97943, 0.97791, 0.97614, 0.97377),
(, 0.79909, 0.98232, 0.98277, 0.98283, 0.98246, 0.98165, 0.98052, 0.97941, 0.97791, 0.97613, 0.97377),
(, 0.79891, 0.98235, 0.9829, 0.983, 0.98248, 0.98162, 0.98053, 0.97941, 0.97787, 0.9761, 0.97373),
(, 0.79967, 0.9824, 0.98289, 0.98306, 0.98253, 0.98166, 0.98053, 0.97938, 0.97789, 0.97613, 0.97377),
(, 0.79935, 0.98229, 0.98289, 0.98307, 0.98256, 0.98166, 0.98051, 0.97941, 0.97791, 0.97615, 0.97378),
(, 0.79855, 0.98213, 0.98279, 0.98301, 0.98259, 0.98172, 0.98051, 0.97939, 0.9779, 0.97617, 0.97377),
(, 0.79802, 0.982, 0.98263, 0.9829, 0.98253, 0.98173, 0.98056, 0.97938, 0.97787, 0.97614, 0.97379),
(, 0.79596, 0.98183, 0.98244, 0.98275, 0.98248, 0.98173, 0.98059, 0.97939, 0.97788, 0.97611, 0.97379),])

New occurence at: 2021-06-06 21:45:01.494662, Trojan name: HT_a^10 
F1_score_list = np.array([
(, 0.696

New occurence at: 2021-06-06 21:45:55.627729, Trojan name: HT_a^50 
F1_score_list = np.array([
(, 0.71558, 0.79477, 0.85172, 0.87353, 0.88284, 0.88948, 0.89429, 0.89815, 0.90136, 0.90415, 0.906),
(, 0.71602, 0.79475, 0.85173, 0.87351, 0.88289, 0.88952, 0.89427, 0.89819, 0.90147, 0.90408, 0.90607),
(, 0.71951, 0.79504, 0.85172, 0.87352, 0.88286, 0.88949, 0.89432, 0.89824, 0.90144, 0.90415, 0.90608),
(, 0.72251, 0.79612, 0.85176, 0.8735, 0.88284, 0.88949, 0.8943, 0.8982, 0.90144, 0.90413, 0.90613),
(, 0.72495, 0.79756, 0.8526, 0.87353, 0.88285, 0.88953, 0.8943, 0.89825, 0.90145, 0.90416, 0.90608),
(, 0.72648, 0.80001, 0.85355, 0.87373, 0.88285, 0.88952, 0.8943, 0.89819, 0.90146, 0.90419, 0.90613),
(, 0.72832, 0.80222, 0.85457, 0.87388, 0.8829, 0.8895, 0.89429, 0.89823, 0.90146, 0.90419, 0.90612),
(, 0.72928, 0.80453, 0.85579, 0.8741, 0.88303, 0.88951, 0.8943, 0.89822, 0.90146, 0.90417, 0.90609),
(, 0.72994, 0.80693, 0.85665, 0.87428, 0.88306, 0.88955, 0.89427, 0.89823, 0.90146, 0.90417, 0.90611),
(, 0.73065, 0.80932, 0.85778, 0.87475, 0.88314, 0.88957, 0.89428, 0.89824, 0.90142, 0.90418, 0.9061),
(, 0.73103, 0.8115, 0.85873, 0.87508, 0.8832, 0.88956, 0.89434, 0.89825, 0.90143, 0.90418, 0.9061),])

New occurence at: 2021-06-07 13:01:51.538073, Trojan name: HT_a^10 
F1_score_list = np.array([
(, 0.69443, 0.73378, 0.76172, 0.77513, 0.78352, 0.78937, 0.79433, 0.79865, 0.8024, 0.8057, 0.80862),
(, 0.69471, 0.73378, 0.76179, 0.77507, 0.78344, 0.78937, 0.79439, 0.7987, 0.8024, 0.80562, 0.80856),
(, 0.69631, 0.73394, 0.76183, 0.7751, 0.78341, 0.78933, 0.79432, 0.79863, 0.80247, 0.80569, 0.80853),
(, 0.69741, 0.73469, 0.7618, 0.7751, 0.7834, 0.78935, 0.79434, 0.79868, 0.80251, 0.80562, 0.80863),
(, 0.69898, 0.73539, 0.7622, 0.77511, 0.78342, 0.78935, 0.79435, 0.79863, 0.80247, 0.80568, 0.80857),
(, 0.69994, 0.73635, 0.76263, 0.77523, 0.78344, 0.7894, 0.79432, 0.79867, 0.8025, 0.80568, 0.8086),
(, 0.70073, 0.73752, 0.76326, 0.77542, 0.78347, 0.78939, 0.79436, 0.79866, 0.8025, 0.80566, 0.80855),
(, 0.70112, 0.73879, 0.76402, 0.7757, 0.78357, 0.78941, 0.79434, 0.79865, 0.80251, 0.80567, 0.80861),
(, 0.70126, 0.74008, 0.76469, 0.77591, 0.78373, 0.78944, 0.79433, 0.79868, 0.80256, 0.80567, 0.80858),
(, 0.70151, 0.74122, 0.76536, 0.77607, 0.78385, 0.78944, 0.79437, 0.79869, 0.8025, 0.80568, 0.8086),
(, 0.70168, 0.74212, 0.76614, 0.77647, 0.78393, 0.78948, 0.79439, 0.79867, 0.80252, 0.80566, 0.80856),])

New occurence at: 2021-06-07 13:35:43.052867, Trojan name: HT_a^10 
F1_score_list = np.array([
(, 0.79864, 0.80259, 0.8062, 0.80931, 0.81172, 0.81384, 0.8154, 0.81634),
(, 0.79867, 0.80262, 0.80629, 0.80932, 0.81172, 0.8138, 0.81541, 0.81652),
(, 0.79868, 0.80267, 0.80636, 0.80927, 0.81183, 0.81379, 0.81534, 0.81658),
(, 0.7987, 0.80259, 0.80633, 0.80932, 0.81177, 0.81384, 0.8154, 0.8165),
(, 0.79864, 0.80261, 0.80635, 0.80935, 0.81185, 0.81387, 0.81542, 0.81651),
(, 0.79864, 0.80261, 0.8063, 0.8093, 0.8118, 0.81383, 0.81539, 0.81658),
(, 0.79864, 0.80259, 0.80636, 0.80933, 0.81178, 0.81391, 0.81543, 0.81659),
(, 0.79865, 0.8026, 0.80633, 0.80929, 0.81181, 0.81386, 0.81544, 0.81656),
(, 0.7986, 0.80261, 0.80635, 0.80935, 0.81181, 0.81383, 0.81542, 0.81657),
(, 0.79863, 0.80261, 0.8063, 0.80926, 0.81175, 0.81383, 0.81546, 0.81659),
(, 0.79867, 0.80262, 0.80634, 0.80935, 0.81181, 0.81387, 0.81544, 0.81663),])

New occurence at: 2021-06-07 14:53:00.594731, Trojan name: HT_a^10 
F1_score_list = np.array([
(, 0.79812, 0.80525, 0.81103, 0.81438, 0.81633, 0.81536, 0.81252, 0.80768, 0.80034, 0.79081, 0.77924),
(, 0.79811, 0.80527, 0.81099, 0.81436, 0.81634, 0.81532, 0.8124, 0.80759, 0.80043, 0.79095, 0.77924),
(, 0.79815, 0.80527, 0.81102, 0.8143

New occurence at: 2021-06-07 15:19:40.998946, Trojan name: HT_a^10 
F1_score_list = np.array([
(, 0.81479, 0.81535, 0.81583, 0.81616, 0.8166, 0.81679, 0.81669, 0.8165),
(, 0.81477, 0.81534, 0.81583, 0.81613, 0.81665, 0.81673, 0.81664, 0.8166),
(, 0.81473, 0.8153, 0.81584, 0.81616, 0.81663, 0.81673, 0.81668, 0.81655),
(, 0.81473, 0.81532, 0.81582, 0.81617, 0.81666, 0.81674, 0.81671, 0.81657),
(, 0.81476, 0.81535, 0.8158, 0.81615, 0.81664, 0.81672, 0.81673, 0.81654),
(, 0.81472, 0.8153, 0.81582, 0.81611, 0.81666, 0.81674, 0.81667, 0.81657),
(, 0.81474, 0.81532, 0.81588, 0.81612, 0.81669, 0.81678, 0.81671, 0.81658),])

New occurence at: 2021-06-07 22:21:38.331079, Trojan name: HT_a^100 
F1_score_list = np.array([
(, 0.72193, 0.85968, 0.8909, 0.90219, 0.90904, 0.91468, 0.91707, 0.91673, 0.91377),
(, 0.72469, 0.85979, 0.89078, 0.9021, 0.90903, 0.91463, 0.91704, 0.91716, 0.91432),
(, 0.72948, 0.86068, 0.89081, 0.90214, 0.90904, 0.91462, 0.91715, 0.91713, 0.9143),
(, 0.73281, 0.86252, 0.89092, 0.90211, 0.90905, 0.91459, 0.91707, 0.9172, 0.91428),
(, 0.73405, 0.86433, 0.89097, 0.90212, 0.90905, 0.91456, 0.91712, 0.9172, 0.91434),
(, 0.7353, 0.86608, 0.89098, 0.90214, 0.90906, 0.91457, 0.91709, 0.91717, 0.91425),
(, 0.73665, 0.86757, 0.89154, 0.90212, 0.90909, 0.91459, 0.91713, 0.91722, 0.91426),
(, 0.73785, 0.86939, 0.89209, 0.90203, 0.90909, 0.91456, 0.91709, 0.91721, 0.91426),
(, 0.73872, 0.87126, 0.89259, 0.90217, 0.90901, 0.91452, 0.91709, 0.91718, 0.9143),])

New occurence at: 2021-06-08 12:46:40.983995, Trojan name: HT_b^10 
F1_score_list = np.array([
(, 0.73856, 0.83366, 0.85036, 0.85877, 0.86388, 0.86712, 0.86781, 0.86675, 0.86318),
(, 0.74032, 0.83371, 0.8504, 0.85868, 0.86405, 0.86707, 0.86803, 0.86699, 0.8636),
(, 0.74351, 0.83421, 0.85039, 0.85873, 0.864, 0.86709, 0.86802, 0.86706, 0.86368),
(, 0.7454, 0.83597, 0.85063, 0.85875, 0.86403, 0.86706, 0.868, 0.86713, 0.86371),
(, 0.74667, 0.83802, 0.8515, 0.85877, 0.864, 0.86705, 0.86802, 0.86704, 0.86379),
(, 0.74733, 0.83966, 0.85251, 0.85906, 0.86403, 0.86704, 0.868, 0.86704, 0.86377),
(, 0.74767, 0.84124, 0.85324, 0.85962, 0.86397, 0.86701, 0.86797, 0.86708, 0.86368),
(, 0.74796, 0.84245, 0.85415, 0.86014, 0.86422, 0.86704, 0.86801, 0.86705, 0.86377),
(, 0.748, 0.8435, 0.85481, 0.86063, 0.86448, 0.8671, 0.86799, 0.86715, 0.86376),])

New occurence at: 2021-06-08 13:28:30.585529, Trojan name: HT_b^10 
F1_score_list = np.array([
(, 0.86664, 0.86751, 0.86805, 0.86774),
(, 0.86664, 0.86757, 0.86805, 0.86769),
(, 0.86665, 0.86758, 0.8681, 0.86772),])

New occurence at: 2021-06-09 01:33:03.164253, Trojan name: HT_b^100 
F1_score_list = np.array([
(, 0.79963, 0.96622, 0.97255, 0.97278, 0.97133, 0.96818, 0.9635, 0.957),
(, 0.80161, 0.96622, 0.97256, 0.97278, 0.97139, 0.96821, 0.96378, 0.95736),
(, 0.80385, 0.96744, 0.9726, 0.9728, 0.97137, 0.96827, 0.96381, 0.95737),
(, 0.805, 0.96843, 0.97262, 0.97279, 0.97142, 0.96829, 0.96379, 0.95737),
(, 0.80565, 0.96877, 0.97259, 0.97281, 0.9714, 0.9683, 0.96377, 0.95736),
(, 0.80505, 0.96892, 0.9725, 0.97277, 0.97139, 0.96828, 0.96378, 0.95734),
(, 0.80479, 0.96875, 0.97245, 0.97277, 0.97138, 0.96828, 0.96383, 0.95734),
(, 0.80446, 0.96885, 0.97234, 0.97275, 0.97141, 0.96826, 0.96375, 0.95732),])

New occurence at: 2021-06-09 15:42:32.843301, Trojan name: HT_b^50 
F1_score_list = np.array([
(, 0.79171, 0.95186, 0.95835, 0.95945, 0.95876, 0.95629, 0.95166, 0.94585),
(, 0.79468, 0.95185, 0.95845, 0.95953, 0.95882, 0.95641, 0.95186, 0.94617),
(, 0.79782, 0.95216, 0.95843, 0.95953, 0.95883, 0.95639, 0.95203, 0.94618),
(, 0.79939, 0.95273, 0.95844, 0.95953, 0.95883, 0.95646, 0.95194, 0.94626),
(, 0.80001, 0.95337, 0.9585, 0.95953, 0.95882, 0.95638, 0.95197, 0.94616),
(, 0.80069, 0.95408, 0.95866, 0.95952, 0.95885, 0.95638, 0.95196, 0.9462),
(, 0.80098, 0.954, 0.95872, 0.95958, 0.95885, 0.95641, 0.95199, 0.94621),
(, 0.80085, 0.95422, 0.95864, 0.95955, 0.95886, 0.9564, 0.95198, 0.94622),])

New occurence at: 2021-06-09 21:02:36.319549, Trojan name: HT_b^10 
F1_score_list = np.array([
(, 0.73748, 0.83283, 0.84888, 0.85738, 0.86252, 0.86584, 0.86666, 0.86498),
(, 0.73966, 0.83282, 0.84892, 0.8574, 0.86257, 0.86585, 0.86669, 0.86529),
(, 0.74294, 0.83297, 0.84888, 0.85739, 0.8626, 0.86584, 0.86671, 0.86538),
(, 0.74488, 0.83446, 0.84915, 0.85737, 0.86261, 0.86585, 0.86668, 0.86537),
(, 0.74673, 0.83662, 0.84982, 0.85738, 0.86258, 0.86582, 0.86671, 0.8654),
(, 0.74755, 0.83852, 0.85082, 0.85755, 0.86259, 0.86586, 0.86664, 0.86541),
(, 0.74772, 0.84007, 0.85176, 0.85815, 0.8626, 0.86585, 0.86673, 0.8654),
(, 0.74814, 0.84131, 0.85268, 0.85871, 0.86276, 0.86583, 0.86668, 0.8654),])

New occurence at: 2021-06-10 20:50:48.794207, Trojan name: HT_b^20 
F1_score_list = np.array([
(, 0.77197, 0.905, 0.91608, 0.91981, 0.92104, 0.92129, 0.91945, 0.91507),
(, 0.77444, 0.90498, 0.91612, 0.91989, 0.92122, 0.92135, 0.91939, 0.9154),
(, 0.77775, 0.90546, 0.91612, 0.91992, 0.92123, 0.92139, 0.91947, 0.91552),
(, 0.77971, 0.90647, 0.91619, 0.91991, 0.9212, 0.9214, 0.9194, 0.91545),
(, 0.78031, 0.9072, 0.91639, 0.91994, 0.92117, 0.92145, 0.91949, 0.91548),
(, 0.78086, 0.90792, 0.9166, 0.91995, 0.92119, 0.92139, 0.91948, 0.91547),
(, 0.78089, 0.9085, 0.9168, 0.92013, 0.92123, 0.92139, 0.91946, 0.91551),
(, 0.78114, 0.90904, 0.91703, 0.92009, 0.92126, 0.92144, 0.9195, 0.91552),])

New occurence at: 2021-06-11 03:05:11.580979, Trojan name: HT_a^20 
F1_score_list = np.array([
(, 0.70652, 0.81473, 0.84232, 0.85358, 0.86109, 0.86642, 0.86947, 0.87077),
(, 0.70903, 0.81477, 0.84236, 0.8537, 0.86115, 0.86646, 0.86956, 0.87059),
(, 0.71381, 0.81495, 0.84238, 0.85365, 0.86116, 0.86645, 0.86957, 0.87059),
(, 0.71633, 0.81564, 0.84238, 0.85366, 0.86118, 0.86648, 0.86951, 0.8706),
(, 0.7178, 0.81716, 0.84243, 0.85365, 0.86118, 0.86644, 0.86961, 0.87062),
(, 0.71915, 0.8193, 0.84273, 0.85365, 0.86118, 0.86647, 0.86954, 0.87061),
(, 0.71993, 0.82101, 0.84312, 0.85371, 0.86115, 0.86645, 0.86957, 0.8706),
(, 0.72066, 0.82265, 0.84369, 0.85367, 0.86115, 0.86649, 0.86959, 0.87062),])

New occurence at: 2021-06-11 13:10:58.557900, Trojan name: HT_a^20 
F1_score_list = np.array([
(, 0.70632, 0.8123, 0.84197, 0.85338

New occurence at: 2021-06-11 13:21:54.288556, Trojan name: HT_c^20 
F1_score_list = np.array([
(, 0.79487, 0.90091, 0.91663, 0.92168, 0.92357, 0.92354, 0.92117, 0.91703),
(, 0.79674, 0.90088, 0.91665, 0.9218, 0.92356, 0.92362, 0.92143, 0.91717),
(, 0.79879, 0.90133, 0.91669, 0.9218, 0.92354, 0.92365, 0.92144, 0.91723),
(, 0.8003, 0.90358, 0.91681, 0.92176, 0.92355, 0.9237, 0.92145, 0.91734),
(, 0.8007, 0.90628, 0.91773, 0.92177, 0.92358, 0.92364, 0.9214, 0.91729),
(, 0.80014, 0.90838, 0.91861, 0.92202, 0.92357, 0.92365, 0.92145, 0.9173),
(, 0.7996, 0.91022, 0.91964, 0.92245, 0.92358, 0.92366, 0.92144, 0.91728),
(, 0.79899, 0.91162, 0.92058, 0.92305, 0.9237, 0.92371, 0.92142, 0.91736),])

New occurence at: 2021-06-12 12:10:23.812262, Trojan name: HT_c^50 
F1_score_list = np.array([
(, 0.81562, 0.93355, 0.94504, 0.94842, 0.94952, 0.94843, 0.945, 0.93997),
(, 0.81598, 0.93349, 0.94512, 0.9484, 0.94957, 0.94843, 0.94503, 0.9404),
(, 0.81697, 0.93375, 0.94511, 0.94843, 0.9496, 0.94845, 0.94506, 0.94044),
(, 0.81728, 0.9353, 0.94515, 0.94842, 0.94961, 0.94841, 0.9451, 0.94047),
(, 0.81706, 0.93781, 0.9461, 0.94843, 0.94962, 0.94845, 0.945, 0.94048),
(, 0.81623, 0.9393, 0.94696, 0.9486, 0.9496, 0.9484, 0.94505, 0.94054),
(, 0.81538, 0.9402, 0.94784, 0.94924, 0.94962, 0.94845, 0.94506, 0.94049),
(, 0.81402, 0.94101, 0.94836, 0.94987, 0.94965, 0.94845, 0.94507, 0.9405),])

New occurence at: 2021-06-12 15:04:15.913742, Trojan name: HT_c^100 
F1_score_list = np.array([
(, 0.83155, 0.94903, 0.95887, 0.96152, 0.96187, 0.96071, 0.95729, 0.95213),
(, 0.83165, 0.94902, 0.95885, 0.9614, 0.96188, 0.9607, 0.95763, 0.95216),
(, 0.83212, 0.94959, 0.95882, 0.96143, 0.96182, 0.96069, 0.95763, 0.95228),
(, 0.83235, 0.95052, 0.95894, 0.96142, 0.96184, 0.96071, 0.95763, 0.95232),
(, 0.83196, 0.95208, 0.95926, 0.96145, 0.96183, 0.96074, 0.95762, 0.95233),
(, 0.83109, 0.95387, 0.96001, 0.96153, 0.96183, 0.96071, 0.95763, 0.95232),
(, 0.83002, 0.95486, 0.96104, 0.96179, 0.96185, 0.96071, 0.9577, 0.95231),
(, 0.82884, 0.95635, 0.96187, 0.96233, 0.96185, 0.96074, 0.95762, 0.95235),])