

New occurence at: 2021-03-06 19:10:27.861937, Trojan name: HT3_3 - 4 
No_Support_Vectors = np.array([
(, 14.0, 1024.0, 1024.0, 1024.0, 1024.0),
(, 2004.0, 8164.0, 9708.0, 9951.0

New occurence at: 2021-03-06 19:18:27.771938, Trojan name: HT3_3 - 4 
No_Support_Vectors = np.array([

New occurence at: 2021-03-06 19:19:25.065546, Trojan name: HT3_3 - 4 
No_Support_Vectors = np.array([
(, 14.0, 2560.0, 2560.0, 2560.0, 2560.0),
(, 5006.0, 17225.0, 23040.0, 24466.0, 24838.0),
(, 10005.0, 17232.0, 23045.0, 24468.0

New occurence at: 2021-03-06 21:01:41.283595, Trojan name: HT3_3 - 4 
No_Support_Vectors = np.array([
(, 14.0, 512.0, 512.0, 512.0, 512.0),
(, 1005.0, 4470.0, 4955.0, 4994.0, 4999.0),
(, 2002.0, 4471.0, 4956.0, 4994.0, 4999.0),
(, 3004.0, 4472.0, 4956.0, 4994.0, 4999.0),
(, 4002.0, 4526.0, 4956.0, 4994.0, 4999.0),])

New occurence at: 2021-03-06 21:19:32.456762, Trojan name: HT3_3 - 4 
No_Support_Vectors = np.array([
( 13.0, 528.0, 512.0, 512.0, 512.0, 512.0, 512.0, 512.0, 512.0, 512.0, 512.0, 512.0, 512.0, 512.0, 512.0, 512.0, 512.0, 512.0, 512.0, 512.0),
(, 256.0, 1944.0, 3268.0, 4010.0, 4448.0, 4693.0, 4830.0, 4910.0, 4960.0, 4978.0, 4988.0, 4992.0, 4996.0, 4997.0, 4998.0, 4999.0, 5000.0, 5000.0, 5000.0, 5000.0),
(, 504.0, 1944.0, 3273.0, 4018.0, 4456.0, 4698.0, 4834.0, 4913.0, 4961.0, 4978.0, 4988.0, 4992.0, 4996.0, 4997.0, 4998.0, 4999.0, 5000.0, 5000.0, 5000.0, 5000.0),
(, 754.0, 1945.0, 3274.0, 4020.0, 4456.0, 4699.0, 4833.0, 4916.0, 4962.0, 4978.0, 4988.0, 4992.0, 4996.0, 4997.0, 4998.0, 4999.0, 5000.0, 5000.0, 5000.0, 5000.0),
(, 1004.0, 1954.0, 3275.0, 4024.0, 4456.0, 4700.0, 4834.0, 4916.0, 4962.0, 4978.0, 4988.0, 4992.0, 4996.0, 4997.0, 4998.0, 4999.0, 5000.0, 5000.0, 5000.0, 5000.0),
(, 1254.0, 1990.0, 3277.0, 4025.0, 4458.0, 4701.0, 4834.0, 4917.0, 4962.0, 4978.0, 4988.0, 4992.0, 4996.0, 4997.0, 4998.0, 4999.0, 5000.0, 5000.0, 5000.0, 5000.0),
(, 1504.0, 2084.0, 3276.0, 4026.0, 4457.0, 4700.0, 4835.0, 4917.0, 4962.0, 4978.0, 4988.0, 4992.0, 4996.0, 4997.0, 4998.0, 4999.0, 5000.0, 5000.0, 5000.0, 5000.0),
(, 1753.0, 2214.0, 3278.0, 4027.0, 4458.0, 4700.0, 4834.0, 4918.0, 4962.0, 4978.0, 4988.0, 4992.0, 4996.0, 4997.0, 4998.0, 4999.0, 5000.0, 5000.0, 5000.0, 5000.0),
(, 2002.0, 2377.0, 3285.0, 4026.0, 4458.0, 4700.0, 4834.0, 4917.0, 4962.0, 4978.0, 4988.0, 4992.0, 4996.0, 4997.0, 4998.0, 4999.0, 5000.0, 5000.0, 5000.0, 5000.0),
(, 2254.0, 2556.0, 3306.0, 4028.0, 4458.0, 4700.0, 4835.0, 4918.0, 4962.0, 4978.0, 4988.0, 4992.0, 4996.0, 4997.0, 4998.0, 4999.0, 5000.0, 5000.0, 5000.0, 5000.0),
(, 2504.0, 2730.0, 3345.0, 4026.0, 4458.0, 4700.0, 4835.0, 4918.0, 4962.0, 4978.0, 4988.0, 4992.0, 4996.0, 4997.0, 4998.0, 4999.0, 5000.0, 5000.0, 5000.0, 5000.0),
(, 2754.0, 2938.0, 3406.0, 4029.0, 4458.0, 4700.0, 4835.0, 4918.0, 4962.0, 4978.0, 4988.0, 4992.0, 4996.0, 4997.0, 4998.0, 4999.0, 5000.0, 5000.0, 5000.0, 5000.0),
(, 3004.0, 3155.0, 3511.0, 4032.0, 4458.0, 4700.0, 4836.0, 4918.0, 4962.0, 4978.0, 4988.0, 4992.0, 4996.0, 4997.0, 4998.0, 4999.0, 5000.0, 5000.0, 5000.0, 5000.0),
(, 3254.0, 3372.0, 3629.0, 4054.0, 4458.0, 4700.0, 4835.0, 4918.0, 4962.0, 4978.0, 4988.0, 4992.0, 4996.0, 4997.0, 4998.0, 4999.0, 5000.0, 5000.0, 5000.0, 5000.0),
(, 3502.0, 3578.0, 3781.0, 4112.0, 4460.0, 4700.0, 4835.0, 4918.0, 4962.0, 4978.0, 4988.0, 4992.0, 4996.0, 4997.0, 4998.0, 4999.0, 5000.0, 5000.0, 5000.0, 5000.0),
(, 3752.0, 3814.0, 3958.0, 4182.0, 4472.0, 4700.0, 4835.0, 4918.0, 4962.0, 4978.0, 4988.0, 4992.0, 4996.0, 4997.0, 4998.0, 4999.0, 5000.0, 5000.0, 5000.0, 5000.0),
(, 4002.0, 4046.0, 4128.0, 4292.0, 4500.0, 4702.0, 4834.0, 4918.0, 4962.0, 4978.0, 4988.0, 4992.0, 4996.0, 4997.0, 4998.0, 4999.0, 5000.0, 5000.0, 5000.0, 5000.0),
(, 4252.0, 4279.0, 4331.0, 4431.0, 4572.0, 4720.0, 4836.0, 4918.0, 4962.0, 4978.0, 4988.0, 4992.0, 4996.0, 4997.0, 4998.0, 4999.0, 5000.0, 5000.0, 5000.0, 5000.0),
(, 4502.0, 4521.0, 4547.0, 4606.0, 4672.0, 4769.0, 4854.0, 4918.0, 4962.0, 4978.0, 4988.0, 4992.0, 4996.0, 4997.0, 4998.0, 4999.0, 5000.0, 5000.0, 5000.0, 5000.0),
(, 4752.0, 4762.0, 4773.0, 4798.0, 4828.0, 4862.0, 4898.0, 4936.0, 4966.0, 4978.0, 4988.0, 4992.0, 4996.0, 4997.0, 4998.0, 4999.0, 5000.0, 5000.0, 5000.0, 5000.0),])

New occurence at: 2021-03-06 22:00:29.749400, Trojan name: HT3_3 - 4 
nu_list    = np.arange(0.0001, 0.52, 0.02)
gamma_list = np.arange(0.0001, 0.52, 0.02)

No_Support_Vectors = np.array([
( 12.0, 419.0, 522.0, 524.0, 513.0, 512.0, 512.0, 512.0, 512.0, 512.0, 512.0, 512.0, 512.0, 512.0, 512.0, 512.0, 512.0, 512.0, 512.0, 512.0, 512.0, 512.0, 512.0, 512.0, 512.0, 512.0),
( 106.0, 839.0, 1582.0, 2219.0, 2769.0, 3228.0, 3586.0, 3899.0, 4117.0, 4314.0, 4453.0, 4560.0, 4646.0, 4724.0, 4780.0, 4818.0, 4852.0, 4888.0, 4909.0, 4926.0, 4948.0, 4961.0, 4968.0, 4976.0, 4980.0, 4984.0),
( 204.0, 845.0, 1590.0, 2231.0, 2777.0, 3240.0, 3610.0, 3906.0, 4129.0, 4326.0, 4466.0, 4572.0, 4664.0, 4732.0, 4786.0, 4822.0, 4858.0, 4893.0, 4915.0, 4931.0, 4953.0, 4964.0, 4970.0, 4978.0, 4982.0, 4986.0),
( 306.0, 844.0, 1591.0, 2234.0, 2781.0, 3245.0, 3618.0, 3911.0, 4135.0, 4331.0, 4469.0, 4577.0, 4670.0, 4734.0, 4789.0, 4826.0, 4862.0, 4895.0, 4916.0, 4932.0, 4955.0, 4964.0, 4972.0, 4979.0, 4984.0, 4988.0),
( 404.0, 856.0, 1591.0, 2236.0, 2782.0, 3246.0, 3618.0, 3914.0, 4138.0, 4333.0, 4472.0, 4580.0, 4672.0, 4735.0, 4790.0, 4827.0, 4864.0, 4896.0, 4917.0, 4932.0, 4955.0, 4964.0, 4972.0, 4978.0, 4984.0, 4988.0),
( 505.0, 880.0, 1594.0, 2236.0, 2784.0, 3248.0, 3621.0, 3916.0, 4140.0, 4335.0, 4472.0, 4580.0, 4672.0, 4736.0, 4791.0, 4829.0, 4866.0, 4896.0, 4916.0, 4934.0, 4955.0, 4965.0, 4972.0, 4979.0, 4983.0, 4988.0),
( 604.0, 929.0, 1594.0, 2238.0, 2784.0, 3248.0, 3622.0, 3917.0, 4141.0, 4336.0, 4474.0, 4583.0, 4674.0, 4736.0, 4792.0, 4828.0, 4864.0, 4896.0, 4918.0, 4934.0, 4955.0, 4964.0, 4972.0, 4980.0, 4984.0, 4988.0),
( 705.0, 990.0, 1597.0, 2238.0, 2784.0, 3250.0, 3624.0, 3918.0, 4142.0, 4336.0, 4474.0, 4582.0, 4674.0, 4738.0, 4792.0, 4828.0, 4866.0, 4897.0, 4917.0, 4934.0, 4955.0, 4966.0, 4972.0, 4980.0, 4984.0, 4988.0),
( 803.0, 1062.0, 1606.0, 2239.0, 2786.0, 3250.0, 3624.0, 3918.0, 4142.0, 4336.0, 4476.0, 4584.0, 4674.0, 4738.0, 4792.0, 4830.0, 4867.0, 4896.0, 4918.0, 4934.0, 4955.0, 4966.0, 4972.0, 4980.0, 4984.0, 4988.0),
( 904.0, 1138.0, 1623.0, 2239.0, 2786.0, 3250.0, 3625.0, 3918.0, 4144.0, 4336.0, 4476.0, 4584.0, 4674.0, 4738.0, 4792.0, 4830.0, 4866.0, 4897.0, 4918.0, 4936.0, 4955.0, 4965.0, 4972.0, 4980.0, 4984.0, 4988.0),
( 1004.0, 1215.0, 1656.0, 2241.0, 2784.0, 3250.0, 3624.0, 3918.0, 4143.0, 4339.0, 4477.0, 4584.0, 4674.0, 4739.0, 4792.0, 4830.0, 4867.0, 4897.0, 4918.0, 4936.0, 4955.0, 4966.0, 4973.0, 4980.0, 4984.0, 4988.0),
( 1106.0, 1314.0, 1690.0, 2242.0, 2786.0, 3251.0, 3624.0, 3918.0, 4145.0, 4338.0, 4476.0, 4584.0, 4674.0, 4738.0, 4792.0, 4830.0, 4867.0, 4898.0, 4918.0, 4936.0, 4955.0, 4966.0, 4972.0, 4980.0, 4984.0, 4988.0),
( 1204.0, 1398.0, 1738.0, 2247.0, 2786.0, 3251.0, 3624.0, 3919.0, 4146.0, 4339.0, 4476.0, 4585.0, 4674.0, 4738.0, 4793.0, 4830.0, 4867.0, 4898.0, 4918.0, 4936.0, 4955.0, 4966.0, 4973.0, 4980.0, 4984.0, 4988.0),
( 1304.0, 1478.0, 1784.0, 2249.0, 2787.0, 3251.0, 3626.0, 3919.0, 4146.0, 4340.0, 4476.0, 4584.0, 4674.0, 4738.0, 4794.0, 4830.0, 4867.0, 4898.0, 4918.0, 4936.0, 4956.0, 4966.0, 4973.0, 4980.0, 4984.0, 4988.0),
( 1405.0, 1562.0, 1832.0, 2266.0, 2787.0, 3252.0, 3626.0, 3919.0, 4146.0, 4338.0, 4476.0, 4584.0, 4674.0, 4738.0, 4792.0, 4830.0, 4867.0, 4897.0, 4918.0, 4936.0, 4956.0, 4966.0, 4973.0, 4980.0, 4984.0, 4988.0),
( 1506.0, 1655.0, 1892.0, 2290.0, 2790.0, 3252.0, 3625.0, 3919.0, 4146.0, 4339.0, 4476.0, 4585.0, 4674.0, 4739.0, 4792.0, 4830.0, 4867.0, 4898.0, 4918.0, 4936.0, 4956.0, 4966.0, 4973.0, 4980.0, 4984.0, 4988.0),
( 1604.0, 1749.0, 1961.0, 2322.0, 2798.0, 3252.0, 3626.0, 3919.0, 4146.0, 4340.0, 4476.0, 4585.0, 4674.0, 4739.0, 4793.0, 4830.0, 4867.0, 4898.0, 4919.0, 4936.0, 4956.0, 4966.0, 4973.0, 4980.0, 4984.0, 4988.0),
( 1704.0, 1830.0, 2038.0, 2358.0, 2804.0, 3252.0, 3626.0, 3919.0, 4146.0, 4339.0, 4476.0, 4585.0, 4674.0, 4739.0, 4794.0, 4830.0, 4867.0, 4898.0, 4919.0, 4936.0, 4956.0, 4966.0, 4973.0, 4980.0, 4984.0, 4988.0),
( 1804.0, 1919.0, 2113.0, 2394.0, 2812.0, 3253.0, 3626.0, 3920.0, 4146.0, 4340.0, 4477.0, 4586.0, 4674.0, 4738.0, 4794.0, 4830.0, 4868.0, 4898.0, 4919.0, 4936.0, 4956.0, 4966.0, 4973.0, 4980.0, 4984.0, 4988.0),
( 1904.0, 2016.0, 2190.0, 2444.0, 2828.0, 3255.0, 3626.0, 3920.0, 4146.0, 4340.0, 4478.0, 4585.0, 4674.0, 4739.0, 4792.0, 4830.0, 4868.0, 4898.0, 4918.0, 4936.0, 4956.0, 4966.0, 4973.0, 4980.0, 4984.0, 4988.0),
( 2004.0, 2106.0, 2270.0, 2497.0, 2856.0, 3259.0, 3626.0, 3920.0, 4147.0, 4340.0, 4477.0, 4586.0, 4674.0, 4739.0, 4793.0, 4830.0, 4868.0, 4898.0, 4918.0, 4936.0, 4956.0, 4966.0, 4973.0, 4980.0, 4984.0, 4988.0),
( 2104.0, 2206.0, 2347.0, 2560.0, 2880.0, 3265.0, 3627.0, 3920.0, 4146.0, 4340.0, 4476.0, 4585.0, 4674.0, 4739.0, 4793.0, 4830.0, 4868.0, 4898.0, 4918.0, 4936.0, 4956.0, 4966.0, 4973.0, 4980.0, 4984.0, 4988.0),
( 2202.0, 2286.0, 2427.0, 2616.0, 2912.0, 3272.0, 3628.0, 3920.0, 4146.0, 4339.0, 4478.0, 4585.0, 4674.0, 4739.0, 4794.0, 4830.0, 4868.0, 4898.0, 4918.0, 4936.0, 4956.0, 4966.0, 4973.0, 4980.0, 4984.0, 4988.0),
( 2304.0, 2378.0, 2510.0, 2682.0, 2952.0, 3282.0, 3630.0, 3920.0, 4146.0, 4338.0, 4477.0, 4585.0, 4674.0, 4739.0, 4794.0, 4830.0, 4868.0, 4898.0, 4918.0, 4936.0, 4956.0, 4966.0, 4973.0, 4980.0, 4984.0, 4988.0),
( 2404.0, 2480.0, 2594.0, 2750.0, 2994.0, 3298.0, 3633.0, 3920.0, 4146.0, 4340.0, 4478.0, 4585.0, 4674.0, 4739.0, 4794.0, 4830.0, 4868.0, 4898.0, 4918.0, 4936.0, 4956.0, 4966.0, 4973.0, 4980.0, 4984.0, 4988.0),
( 2503.0, 2572.0, 2676.0, 2822.0, 3038.0, 3320.0, 3638.0, 3923.0, 4148.0, 4339.0, 4478.0, 4585.0, 4674.0, 4739.0, 4794.0, 4830.0, 4867.0, 4898.0, 4918.0, 4936.0, 4956.0, 4966.0, 4973.0, 4980.0, 4984.0, 4988.0)])

New occurence at: 2021-05-07 15:57:06.355099, Trojan name: HT_A 
No_Support_Vectors = np.array([
(, 14.0, 521.0, 512.0, 512.0, 512.0, 512.0, 512.0, 512.0, 512.0, 512.0, 512.0),
(, 256.0, 1874.0, 3070.0, 3775.0, 4164.0, 4402.0, 4577.0, 4698.0, 4779.0, 4832.0, 4871.0),
(, 504.0, 1875.0, 3074.0, 3780.0, 4170.0, 4406.0, 4578.0, 4702.0, 4784.0, 4836.0, 4874.0),
(, 754.0, 1876.0, 3077.0, 3783.0, 4172.0, 4408.0, 4578.0, 4702.0, 4785.0, 4838.0, 4874.0),
(, 1004.0, 1890.0, 3078.0, 3784.0, 4172.0, 4409.0, 4580.0, 4704.0, 4785.0, 4839.0, 4874.0),
(, 1254.0, 1948.0, 3078.0, 3784.0, 4174.0, 4409.0, 4580.0, 4704.0, 4784.0, 4838.0, 4874.0),
(, 1503.0, 2036.0, 3078.0, 3785.0, 4174.0, 4410.0, 4580.0, 4704.0, 4784.0, 4839.0, 4874.0),
(, 1752.0, 2168.0, 3079.0, 3786.0, 4174.0, 4409.0, 4580.0, 4704.0, 4784.0, 4839.0, 4874.0),
(, 2004.0, 2322.0, 3088.0, 3786.0, 4174.0, 4410.0, 4580.0, 4706.0, 4784.0, 4839.0, 4874.0),
(, 2254.0, 2494.0, 3108.0, 3786.0, 4174.0, 4411.0, 4580.0, 4704.0, 4785.0, 4839.0, 4874.0),
(, 2502.0, 2684.0, 3165.0, 3786.0, 4175.0, 4411.0, 4580.0, 4704.0, 4784.0, 4839.0, 4874.0),])

New occurence at: 2021-05-07 16:20:55.871192, Trojan name: HT_A 
No_Support_Vectors = np.array([
(, 12.0, 264.0, 398.0, 514.0, 526.0, 525.0, 522.0, 518.0, 513.0, 512.0, 512.0, 512.0),
(, 54.0, 400.0, 785.0, 1134.0, 1522.0, 1838.0, 2144.0, 2406.0, 2644.0, 2856.0, 3058.0, 3219.0),
(, 105.0, 400.0, 789.0, 1141.0, 1528.0, 1852.0, 2160.0, 2425.0, 2671.0, 2882.0, 3084.0, 3243.0),
(, 156.0, 400.0, 790.0, 1143.0, 1530.0, 1856.0, 2166.0, 2431.0, 2677.0, 2893.0, 3094.0, 3254.0),
(, 206.0, 421.0, 792.0, 1144.0, 1532.0, 1856.0, 2170.0, 2436.0, 2682.0, 2896.0, 3100.0, 3256.0),
(, 255.0, 443.0, 792.0, 1144.0, 1532.0, 1862.0, 2174.0, 2439.0, 2682.0, 2900.0, 3104.0, 3260.0),
(, 305.0, 481.0, 794.0, 1144.0, 1533.0, 1862.0, 2176.0, 2441.0, 2685.0, 2900.0, 3106.0, 3260.0),
(, 354.0, 514.0, 796.0, 1144.0, 1532.0, 1863.0, 2176.0, 2440.0, 2686.0, 2902.0, 3106.0, 3262.0),
(, 406.0, 555.0, 812.0, 1144.0, 1534.0, 1864.0, 2176.0, 2442.0, 2687.0, 2902.0, 3108.0, 3264.0),
(, 455.0, 597.0, 823.0, 1145.0, 1534.0, 1864.0, 2176.0, 2442.0, 2688.0, 2905.0, 3110.0, 3264.0),
(, 506.0, 635.0, 844.0, 1149.0, 1534.0, 1864.0, 2176.0, 2442.0, 2690.0, 2906.0, 3110.0, 3264.0),
(, 554.0, 674.0, 874.0, 1160.0, 1534.0, 1864.0, 2176.0, 2444.0, 2690.0, 2905.0, 3110.0, 3264.0),])

New occurence at: 2021-05-07 16:30:02.330933, Trojan name: HT_A 
No_Support_Vectors = np.array([
(, 2703.0, 2910.0, 3109.0, 3290.0, 3422.0, 3560.0, 3679.0),
(, 2703.0, 2910.0, 3110.0, 3290.0, 3423.0, 3558.0, 3680.0),
(, 2703.0, 2911.0, 3110.0, 3290.0, 3424.0, 3560.0, 3680.0),
(, 2704.0, 2912.0, 3113.0, 3290.0, 3425.0, 3560.0, 3682.0),
(, 2704.0, 2912.0, 3112.0, 3291.0, 3425.0, 3560.0, 3682.0),
(, 2704.0, 2912.0, 3113.0, 3292.0, 3424.0, 3561.0, 3681.0),
(, 2705.0, 2913.0, 3112.0, 3292.0, 3426.0, 3562.0, 3680.0),])

New occurence at: 2021-05-07 16:41:52.759156, Trojan name: HT_A 
No_Support_Vectors = np.array([
(

New occurence at: 2021-05-07 16:45:24.959788, Trojan name: HT_A 
No_Support_Vectors = np.array([
(, 14.0, 254.0, 392.0, 518.0, 524.0, 525.0, 524.0, 518.0, 514.0, 512.0, 512.0, 512.0, 512.0, 512.0, 512.0),
(, 56.0, 406.0, 774.0, 1168.0, 1523.0, 1840.0, 2138.0, 2408.0, 2650.0, 2860.0, 3060.0, 3215.0, 3380.0, 3506.0, 3622.0),
(, 106.0, 406.0, 777.0, 1172.0, 1530.0, 1854.0, 2152.0, 2427.0, 2666.0, 2887.0, 3080.0, 3248.0, 3398.0, 3532.0, 3647.0),
(, 156.0, 408.0, 778.0, 1170.0, 1533.0, 1858.0, 2158.0, 2434.0, 2670.0, 2896.0, 3090.0, 3256.0, 3410.0, 3544.0, 3658.0),
(, 206.0, 424.0, 779.0, 1174.0, 1534.0, 1860.0, 2166.0, 2436.0, 2672.0, 2898.0, 3092.0, 3259.0, 3413.0, 3550.0, 3663.0),
(, 256.0, 448.0, 779.0, 1176.0, 1535.0, 1861.0, 2168.0, 2438.0, 2674.0, 2901.0, 3095.0, 3263.0, 3420.0, 3555.0, 3668.0),
(, 304.0, 474.0, 782.0, 1176.0, 1536.0, 1863.0, 2168.0, 2441.0, 2676.0, 2902.0, 3096.0, 3266.0, 3422.0, 3556.0, 3669.0),
(, 354.0, 515.0, 788.0, 1176.0, 1536.0, 1864.0, 2170.0, 2442.0, 2676.0, 2902.0, 3098.0, 3266.0, 3424.0, 3559.0, 3672.0),
(, 406.0, 563.0, 806.0, 1176.0, 1536.0, 1864.0, 2172.0, 2444.0, 2678.0, 2902.0, 3098.0, 3267.0, 3424.0, 3558.0, 3674.0),
(, 456.0, 600.0, 825.0, 1176.0, 1536.0, 1864.0, 2172.0, 2444.0, 2677.0, 2904.0, 3098.0, 3268.0, 3424.0, 3558.0, 3676.0),
(, 504.0, 640.0, 848.0, 1180.0, 1538.0, 1864.0, 2172.0, 2444.0, 2680.0, 2904.0, 3098.0, 3268.0, 3424.0, 3560.0, 3676.0),
(, 555.0, 674.0, 872.0, 1185.0, 1537.0, 1865.0, 2172.0, 2446.0, 2678.0, 2904.0, 3101.0, 3270.0, 3426.0, 3560.0, 3676.0),
(, 605.0, 716.0, 905.0, 1194.0, 1538.0, 1865.0, 2172.0, 2446.0, 2678.0, 2904.0, 3100.0, 3270.0, 3424.0, 3560.0, 3678.0),
(, 655.0, 758.0, 934.0, 1208.0, 1540.0, 1866.0, 2172.0, 2446.0, 2680.0, 2906.0, 3102.0, 3270.0, 3426.0, 3562.0, 3676.0),
(, 704.0, 802.0, 978.0, 1224.0, 1542.0, 1866.0, 2174.0, 2446.0, 2680.0, 2905.0, 3103.0, 3270.0, 3427.0, 3561.0, 3676.0),])

New occurence at: 2021-05-07 17:13:04.590792, Trojan name: HT_A 
No_Support_Vectors = np.array([
(, 1438.0, 1590.0, 1746.0, 1880.0),
(, 1438.0, 1592.0, 1746.0, 1884.0),
(, 1440.0, 1592.0, 1748.0, 1883.0),
(, 1440.0, 1592.0, 1748.0, 1883.0),])

New occurence at: 2021-05-07 17:14:30.434323, Trojan name: HT_A 
No_Support_Vectors = np.array([
(, 10.0, 189.0, 290.0, 360.0, 418.0, 490.0, 517.0, 520.0, 522.0, 525.0),
(, 54.0, 246.0, 463.0, 650.0, 828.0, 994.0, 1154.0, 1307.0, 1451.0, 1602.0),
(, 104.0, 252.0, 462.0, 652.0, 832.0, 998.0, 1158.0, 1314.0, 1456.0, 1614.0),
(, 154.0, 276.0, 466.0, 652.0, 832.0, 998.0, 1159.0, 1318.0, 1459.0, 1616.0),
(, 204.0, 317.0, 471.0, 652.0, 832.0, 999.0, 1160.0, 1321.0, 1460.0, 1620.0),
(, 254.0, 357.0, 490.0, 652.0, 832.0, 997.0, 1162.0, 1320.0, 1460.0, 1621.0),
(, 302.0, 400.0, 514.0, 658.0, 832.0, 999.0, 1162.0, 1320.0, 1460.0, 1618.0),
(, 355.0, 440.0, 546.0, 674.0, 834.0, 998.0, 1162.0, 1320.0, 1462.0, 1620.0),
(, 403.0, 486.0, 583.0, 698.0, 844.0, 1001.0, 1162.0, 1322.0, 1462.0, 1622.0),
(, 453.0, 529.0, 630.0, 725.0, 858.0, 1004.0, 1162.0, 1320.0, 1463.0, 1622.0),])

New occurence at: 2021-05-07 17:22:17.861615, Trojan name: HT_A 
No_Support_Vectors = np.array([
(, 8.0, 68.0, 112.0, 147.0, 173.0, 194.0, 212.0, 235.0, 252.0, 277.0, 289.0, 306.0, 323.0),
(, 14.0, 76.0, 126.0, 164.0, 206.0, 258.0, 296.0, 337.0, 372.0, 407.0, 452.0, 488.0, 527.0),
(, 26.0, 74.0, 128.0, 166.0, 208.0, 258.0, 298.0, 338.0, 376.0, 412.0, 464.0, 496.0, 532.0),
(, 34.0, 76.0, 128.0, 166.0, 208.0, 260.0, 300.0, 338.0, 378.0, 416.0, 464.0, 498.0, 532.0),
(, 44.0, 83.0, 128.0, 166.0, 208.0, 262.0, 298.0, 338.0, 377.0, 418.0, 466.0, 500.0, 531.0),
(, 56.0, 90.0, 131.0, 166.0, 210.0, 262.0, 298.0, 340.0, 378.0, 417.0, 466.0, 500.0, 535.0),
(, 66.0, 104.0, 134.0, 166.0, 208.0, 262.0, 298.0, 338.0, 376.0, 418.0, 467.0, 499.0, 534.0),
(, 74.0, 112.0, 137.0, 166.0, 210.0, 261.0, 299.0, 339.0, 380.0, 418.0, 466.0, 498.0, 536.0),
(, 85.0, 118.0, 144.0, 172.0, 210.0, 260.0, 298.0, 338.0, 377.0, 417.0, 466.0, 500.0, 535.0),
(, 94.0, 124.0, 152.0, 176.0, 210.0, 261.0, 300.0, 340.0, 378.0, 418.0, 466.0, 500.0, 534.0),
(, 104.0, 139.0, 164.0, 184.0, 214.0, 262.0, 300.0, 339.0, 379.0, 418.0, 468.0, 500.0, 535.0),
(, 114.0, 146.0, 172.0, 195.0, 222.0, 263.0, 300.0, 338.0, 376.0, 418.0, 466.0, 500.0, 537.0),
(, 124.0, 156.0, 182.0, 205.0, 230.0, 268.0, 302.0, 338.0, 379.0, 418.0, 466.0, 500.0, 536.0),])

New occurence at: 2021-05-07 17:26:33.629398, Trojan name: HT_A 
No_Support_Vectors = np.array([
(, 7.0, 36.0, 74.0, 99.0, 115.0, 135.0, 143.0, 154.0, 168.0),
(, 10.0, 38.0, 84.0, 112.0, 132.0, 156.0, 178.0, 198.0, 216.0),
(, 16.0, 38.0, 87.0, 114.0, 134.0, 156.0, 180.0, 198.0, 216.0),
(, 20.0, 38.0, 86.0, 114.0, 134.0, 156.0, 178.0, 200.0, 218.0),
(, 26.0, 44.0, 86.0, 114.0, 134.0, 156.0, 180.0, 198.0, 218.0),
(, 28.0, 48.0, 86.0, 113.0, 134.0, 156.0, 179.0, 200.0, 216.0),
(, 34.0, 55.0, 87.0, 114.0, 134.0, 156.0, 178.0, 198.0, 216.0),
(, 40.0, 60.0, 90.0, 114.0, 134.0, 156.0, 177.0, 199.0, 216.0),
(, 45.0, 63.0, 96.0, 116.0, 134.0, 156.0, 178.0, 198.0, 216.0),])

New occurence at: 2021-05-07 17:40:27.470905, Trojan name: HT_A 
No_Support_Vectors = np.array([
(, 156.0, 181.0, 204.0, 230.0),
(, 208.0, 224.0, 242.0, 256.0),
(, 249.0, 272.0, 282.0, 300.0),
(, 298.0, 320.0, 331.0, 350.0),])

New occurence at: 2021-05-07 17:51:57.441273, Trojan name: HT_A 
No_Support_Vectors = np.array([
(, 1046.0),])

New occurence at: 2021-05-07 18:14:23.264689, Trojan name: HT_A 
No_Support_Vectors = np.array([
(, 222.0),])

New occurence at: 2021-05-08 11:52:38.376454, Trojan name: HT_B 
No_Support_Vectors = np.array([
(, 7.0, 214.0, 534.0, 952.0, 1360.0, 1770.0, 2166.0, 2502.0, 2832.0, 3106.0, 3344.0),
(, 2008.0, 2056.0, 2166.0, 2358.0, 2694.0, 3213.0, 3982.0, 4832.0, 5932.0, 6868.0, 7846.0),
(, 4006.0, 4040.0, 4132.0

New occurence at: 2021-05-08 12:15:03.006753, Trojan name: HT_B 
No_Support_Vectors = np.array([
(, 3.0, 120.0, 241.0, 330.0, 400.0, 479.0, 520.0, 523.0, 522.0, 520.0, 520.0),
(, 204.0, 254.0, 360.0, 548.0, 767.0, 1033.0, 1300.0, 1542.0, 1783.0, 1986.0, 2178.0),
(, 402.0, 434.0, 504.0, 634.0, 794.0, 1046.0, 1311.0, 1562.0, 1806.0, 2008.0, 2202.0),
(, 602.0, 633.0, 692.0, 793.0, 907.0, 1101.0, 1329.0, 1572.0, 1812.0, 2012.0, 2220.0),
(, 802.0, 826.0, 878.0, 951.0, 1048.0, 1185.0, 1396.0, 1615.0, 1826.0, 2020.0, 2227.0),
(, 1002.0, 1028.0, 1060.0, 1124.0, 1212.0, 1333.0, 1497.0, 1685.0, 1868.0, 2071.0, 2250.0),
(, 1202.0, 1220.0, 1256.0, 1302.0, 1376.0, 1488.0, 1616.0, 1770.0, 1934.0, 2100.0, 2277.0),
(, 1402.0, 1415.0, 1447.0, 1478.0, 1542.0, 1640.0, 1737.0, 1886.0, 2024.0, 2181.0, 2360.0),
(, 1602.0, 1616.0, 1638.0, 1676.0, 1720.0, 1792.0, 1872.0, 2006.0, 2142.0, 2282.0, 2418.0),
(, 1802.0, 1815.0, 1836.0, 1865.0, 1906.0, 1968.0, 2046.0, 2157.0, 2264.0, 2392.0, 2532.0),
(, 2002.0, 2013.0, 2030.0, 2056.0, 2090.0, 2139.0, 2210.0, 2312.0, 2418.0, 2516.0, 2633.0),])

New occurence at: 2021-05-08 12:25:24.078732, Trojan name: HT_B 
No_Support_Vectors = np.array([
(, 5.0, 28.0, 63.0, 96.0, 120.0, 156.0, 182.0, 212.0, 238.0, 270.0, 286.0, 308.0),
(, 52.0, 66.0, 81.0, 109.0, 140.0, 178.0, 228.0, 276.0, 327.0, 393.0, 436.0, 492.0),
(, 102.0, 112.0, 126.0, 138.0, 166.0, 190.0, 232.0, 277.0, 330.0, 395.0, 440.0, 493.0),
(, 152.0, 160.0, 170.0, 190.0, 208.0, 230.0, 258.0, 292.0, 339.0, 398.0, 442.0, 493.0),
(, 203.0, 211.0, 220.0, 234.0, 251.0, 272.0, 300.0, 330.0, 368.0, 410.0, 446.0, 496.0),
(, 252.0, 260.0, 268.0, 282.0, 298.0, 316.0, 342.0, 366.0, 401.0, 429.0, 471.0, 520.0),
(, 302.0, 308.0, 316.0, 330.0, 348.0, 366.0, 384.0, 401.0, 430.0, 459.0, 495.0, 538.0),
(, 352.0, 359.0, 366.0, 382.0, 386.0, 401.0, 422.0, 450.0, 472.0, 490.0, 526.0, 568.0),
(, 402.0, 407.0, 418.0, 430.0, 438.0, 448.0, 466.0, 492.0, 512.0, 535.0, 568.0, 600.0),
(, 452.0, 458.0, 464.0, 473.0, 487.0, 500.0, 516.0, 534.0, 554.0, 576.0, 602.0, 630.0),
(, 504.0, 507.0, 513.0, 523.0, 530.0, 548.0, 569.0, 582.0, 600.0, 622.0, 646.0, 677.0),
(, 553.0, 556.0, 566.0, 574.0, 580.0, 596.0, 608.0, 621.0, 648.0, 666.0, 686.0, 712.0),])

New occurence at: 2021-05-08 12:30:37.559672, Trojan name: HT_B 
No_Support_Vectors = np.array([
(, 15.0, 17.0, 18.0, 24.0, 32.0, 36.0, 40.0, 46.0, 54.0, 61.0, 68.0, 78.0),
(, 24.0, 26.0, 30.0, 37.0, 40.0, 40.0, 44.0, 48.0, 56.0, 60.0, 68.0, 78.0),
(, 34.0, 36.0, 37.0, 41.0, 44.0, 46.0, 54.0, 58.0, 62.0, 65.0, 71.0, 79.0),
(, 44.0, 46.0, 48.0, 51.0, 53.0, 56.0, 59.0, 66.0, 66.0, 74.0, 78.0, 82.0),
(, 54.0, 56.0, 58.0, 59.0, 62.0, 66.0, 70.0, 72.0, 77.0, 83.0, 87.0, 89.0),
(, 64.0, 66.0, 68.0, 70.0, 70.0, 78.0, 80.0, 83.0, 88.0, 90.0, 96.0, 98.0),
(, 74.0, 76.0, 80.0, 81.0, 83.0, 84.0, 88.0, 92.0, 96.0, 101.0, 103.0, 104.0),
(, 84.0, 86.0, 86.0, 90.0, 94.0, 95.0, 97.0, 99.0, 102.0, 106.0, 110.0, 116.0),
(, 94.0, 96.0, 98.0, 98.0, 102.0, 106.0, 108.0, 109.0, 114.0, 119.0, 122.0, 126.0),
(, 104.0, 106.0, 108.0, 112.0, 112.0, 116.0, 118.0, 117.0, 122.0, 123.0, 129.0, 132.0),
(, 114.0, 116.0, 116.0, 119.0, 124.0, 126.0, 130.0, 131.0, 133.0, 137.0, 137.0, 140.0),
(, 124.0, 126.0, 128.0, 128.0, 134.0, 134.0, 137.0, 140.0, 142.0, 146.0, 146.0, 150.0),])

New occurence at: 2021-05-08 12:32:21.239087, Trojan name: HT_B 
No_Support_Vectors = np.array([
(, 4.0, 8.0, 10.0, 10.0, 12.0, 16.0),
(, 8.0, 9.0, 12.0, 12.0, 12.0, 17.0),
(, 13.0, 14.0, 14.0, 16.0, 18.0, 20.0),
(, 17.0, 19.0, 19.0, 20.0, 23.0, 24.0),
(, 24.0, 24.0, 26.0, 25.0, 26.0, 28.0),
(, 28.0, 29.0, 30.0, 30.0, 31.0, 32.0),])

New occurence at: 2021-05-20 22:47:28.318867, Trojan name: HT_a 
No_Support_Vectors = np.array([
(, 13.0, 62.0, 100.0, 126.0, 148.0, 164.0),
(, 12.0, 74.0, 128.0, 154.0, 179.0, 214.0),
(, 16.0, 75.0, 129.0, 156.0, 182.0, 216.0),
(, 20.0, 75.0, 129.0, 158.0, 183.0, 218.0),
(, 26.0, 76.0, 129.0, 158.0, 184.0, 217.0),
(, 32.0, 76.0, 130.0, 158.0, 184.0, 218.0),])

New occurence at: 2021-05-25 00:14:56.014713, Trojan name: HT_a 
No_Support_Vectors = np.array([
(, 14.0, 63.0, 104.0, 127.0, 146.0, 167.0),
(, 14.0, 73.0, 128.0, 159.0, 194.0, 228.0),
(, 18.0, 74.0, 128.0, 160.0, 199.0, 230.0),
(, 21.0, 74.0, 128.0, 160.0, 200.0, 231.0),
(, 27.0, 74.0, 128.0, 161.0, 200.0, 230.0),
(, 30.0, 74.0, 128.0, 162.0, 200.0, 232.0),])

New occurence at: 2021-05-25 00:16:09.749262, Trojan name: HT_a^10 
No_Support_Vectors = np.array([
(, 13.0, 82.0, 142.0, 212.0, 268.0, 332.0),
(, 59.0, 92.0, 151.0, 215.0, 280.0, 346.0),
(, 112.0, 139.0, 187.0, 226.0, 286.0, 346.0),
(, 162.0, 188.0, 237.0, 258.0, 296.0, 352.0),
(, 210.0, 242.0, 280.0, 300.0, 327.0, 376.0),
(, 260.0, 294.0, 326.0, 348.0, 366.0, 404.0),])

New occurence at: 2021-05-25 11:54:26.076924, Trojan name: HT_a^10 
No_Support_Vectors = np.array([
(, 14.0, 406.0, 715.0, 972.0, 1170.0, 1454.0, 1554.0, 1561.0

New occurence at: 2021-05-25 11:56:35.595133, Trojan name: HT_a^10 
No_Support_Vectors = np.array([
(, 10.0, 400.0, 717.0, 964.0, 1174.0),
(, 156.0, 494.0, 1012.0, 1597.0, 2202.0),
(, 305.0, 548.0, 1014.0, 1600.0, 2208.0),
(, 454.0, 672.0, 1027.0, 1603.0, 2212.0),
(, 606.0, 798.0, 1099.0, 1610.0, 2212.0),])

New occurence at: 2021-05-25 12:02:12.836012, Trojan name: HT_a^10 
No_Support_Vectors = np.array([
(, 660.0, 806.0, 1020.0, 1285.0, 1592.0),
(, 718.0, 858.0, 1053.0, 1296.0, 1596.0),
(, 782.0, 914.0, 1095.0, 1312.0, 1598.0),
(, 851.0, 974.0, 1136.0, 1334.0, 1608.0),
(, 916.0, 1037.0, 1174.0, 1360.0, 1628.0),])

New occurence at: 2021-05-25 12:07:27.258005, Trojan name: HT_a^10 
No_Support_Vectors = np.array([
(, 1128.0, 1212.0, 1321.0, 1410.0, 1506.0, 1616.0),
(, 1152.0, 1232.0, 1334.0, 1418.0, 1512.0, 1628.0),
(, 1174.0, 1252.0, 1348.0, 1429.0, 1521.0, 1633.0),
(, 1195.0, 1274.0, 1358.0, 1440.0, 1528.0, 1638.0),
(, 1218.0, 1296.0, 1376.0, 1454.0, 1541.0, 1652.0),
(, 1237.0, 1317.0, 1396.0, 1468.0, 1556.0, 1662.0),])

New occurence at: 2021-05-26 20:39:47.810613, Trojan name: HT_a^10 
No_Support_Vectors = np.array([
(, 553.0, 576.0, 596.0, 618.0, 640.0, 661.0, 683.0, 707.0, 722.0, 750.0, 763.0),
(, 554.0, 576.0, 597.0, 618.0, 640.0, 660.0, 682.0, 707.0, 722.0, 749.0, 764.0),
(, 554.0, 576.0, 596.0, 618.0, 640.0, 660.0, 682.0, 707.0, 723.0, 750.0, 763.0),
(, 554.0, 576.0, 596.0, 617.0, 640.0, 660.0, 682.0, 708.0, 722.0, 750.0, 764.0),
(, 553.0, 576.0, 597.0, 618.0, 640.0, 660.0, 684.0, 708.0, 722.0, 750.0, 763.0),
(, 553.0, 576.0, 596.0, 618.0, 640.0, 661.0, 683.0, 708.0, 722.0, 750.0, 763.0),
(, 553.0, 576.0, 597.0, 617.0, 640.0, 662.0, 683.0, 708.0, 722.0, 749.0, 763.0),
(, 553.0, 577.0, 596.0, 618.0, 640.0, 661.0, 684.0, 708.0, 722.0, 750.0, 763.0),
(, 553.0, 576.0, 596.0, 617.0, 640.0, 661.0, 684.0, 708.0, 722.0, 749.0, 764.0),
(, 553.0, 578.0, 597.0, 618.0, 640.0, 661.0, 684.0, 707.0, 722.0, 750.0, 763.0),
(, 552.0, 576.0, 596.0, 617.0, 640.0, 661.0, 683.0, 708.0, 722.0, 750.0, 763.0),])

New occurence at: 2021-05-26 20:52:17.986136, Trojan name: HT_a^10 
No_Support_Vectors = np.array([
(, 1686.0),])

New occurence at: 2021-05-26 20:58:37.203999, Trojan name: HT_a^10 
No_Support_Vectors = np.array([
(, 956.0),])

New occurence at: 2021-05-26 20:59:22.436542, Trojan name: HT_a^10 
No_Support_Vectors = np.array([
(, 683.0),])

New occurence at: 2021-05-26 21:00:16.180253, Trojan name: HT_a^10 
No_Support_Vectors = np.array([
(, 815.0),])

New occurence at: 2021-05-26 21:06:05.639460, Trojan name: HT_a^10 
No_Support_Vectors = np.array([
(, 820.0),])

New occurence at: 2021-05-26 21:07:32.779943, Trojan name: HT_a^10 
No_Support_Vectors = np.array([
(, 946.0),])

New occurence at: 2021-05-26 21:17:54.874544, Trojan name: HT_a^10 
No_Support_Vectors = np.array([
(, 884.0),])

New occurence at: 2021-05-26 21:21:03.712737, Trojan name: HT_a^10 
No_Support_Vectors = np.array([
(, 856.0),])

New occurence at: 2021-05-26 21:50:31.450662, Trojan name: HT_a^10 
No_Support_Vectors = np.array([
(, 848.0),])

New occurence at: 2021-05-27 12:45:25.810794, Trojan name: HT_a^10 
No_Support_Vectors = np.array([
(, 410.0, 426.0, 452.0, 480.0, 516.0),
(, 442.0, 463.0, 487.0, 513.0, 548.0),
(, 481.0, 504.0, 528.0, 546.0, 584.0),
(, 520.0, 540.0, 570.0, 588.0, 617.0),
(, 558.0, 572.0, 602.0, 626.0, 650.0),])

New occurence at: 2021-05-27 13:22:21.916903, Trojan name: HT_c^100 
No_Support_Vectors = np.array([
(, 64.0, 164.0, 226.0, 298.0, 370.0, 446.0, 515.0, 594.0, 672.0, 744.0, 820.0),
(, 66.0, 164.0, 232.0, 303.0, 378.0, 454.0, 528.0, 612.0, 695.0, 768.0, 852.0),
(, 79.0, 165.0, 232.0, 304.0, 379.0, 457.0, 532.0, 613.0, 701.0, 771.0, 856.0),
(, 90.0, 166.0, 232.0, 304.0, 380.0, 458.0, 534.0, 616.0, 703.0, 774.0, 860.0),
(, 101.0, 171.0, 233.0, 304.0, 382.0, 460.0, 534.0, 616.0, 705.0, 775.0, 864.0),
(, 118.0, 179.0, 234.0, 306.0, 382.0, 458.0, 534.0, 619.0, 704.0, 777.0, 868.0),
(, 130.0, 192.0, 238.0, 306.0, 381.0, 459.0, 533.0, 618.0, 704.0, 778.0, 864.0),
(, 144.0, 205.0, 246.0, 306.0, 382.0, 459.0, 534.0, 618.0, 704.0, 778.0, 864.0),
(, 160.0, 210.0, 258.0, 312.0, 386.0, 460.0, 534.0, 618.0, 704.0, 779.0, 868.0),
(, 176.0, 228.0, 268.0, 322.0, 388.0, 462.0, 533.0, 620.0, 706.0, 779.0, 868.0),
(, 195.0, 242.0, 282.0, 328.0, 394.0, 462.0, 534.0, 618.0, 706.0, 780.0, 868.0),])

New occurence at: 2021-05-29 00:29:27.509216, Trojan name: HT_c^50 
No_Support_Vectors = np.array([
(, 64.0, 156.0, 222.0, 296.0, 381.0, 448.0, 521.0, 598.0, 666.0, 753.0, 824.0),
(, 65.0, 156.0, 224.0, 304.0, 382.0, 463.0, 530.0, 614.0, 692.0, 780.0, 856.0),
(, 72.0, 157.0, 227.0, 302.0, 386.0, 462.0, 532.0, 616.0, 696.0, 786.0, 867.0),
(, 88.0, 158.0, 229.0, 306.0, 385.0, 465.0, 534.0, 618.0, 698.0, 787.0, 868.0),
(, 107.0, 162.0, 228.0, 305.0, 386.0, 466.0, 536.0, 618.0, 700.0, 788.0, 871.0),
(, 120.0, 171.0, 228.0, 306.0, 386.0, 466.0, 535.0, 620.0, 700.0, 787.0, 872.0),
(, 133.0, 184.0, 231.0, 308.0, 386.0, 467.0, 535.0, 619.0, 702.0, 789.0, 872.0),
(, 146.0, 196.0, 244.0, 310.0, 386.0, 466.0, 535.0, 620.0, 701.0, 788.0, 874.0),
(, 166.0, 211.0, 250.0, 314.0, 386.0, 465.0, 536.0, 622.0, 702.0, 790.0, 874.0),
(, 182.0, 226.0, 261.0, 322.0, 389.0, 467.0, 536.0, 621.0, 702.0, 790.0, 874.0),
(, 198.0, 240.0, 274.0, 330.0, 397.0, 466.0, 538.0, 622.0, 703.0, 790.0, 874.0),])

New occurence at: 2021-05-29 04:14:00.674299, Trojan name: HT_b^100 
No_Support_Vectors = np.array([
(, 66.0, 159.0, 227.0, 299.0, 372.0, 444.0, 516.0, 594.0, 672.0, 748.0, 824.0),
(, 67.0, 162.0, 233.0, 304.0, 380.0, 449.0, 530.0, 606.0, 694.0, 772.0, 857.0),
(, 77.0, 162.0, 234.0, 306.0, 384.0, 450.0, 534.0, 607.0, 701.0, 780.0, 858.0),
(, 88.0, 166.0, 232.0, 306.0, 382.0, 450.0, 535.0, 608.0, 702.0, 782.0, 860.0),
(, 102.0, 174.0, 234.0, 306.0, 384.0, 454.0, 536.0, 608.0, 704.0, 784.0, 866.0),
(, 118.0, 188.0, 238.0, 307.0, 384.0, 454.0, 538.0, 608.0, 704.0, 784.0, 866.0),
(, 133.0, 197.0, 242.0, 309.0, 382.0, 452.0, 538.0, 610.0, 706.0, 786.0, 867.0),
(, 148.0, 202.0, 250.0, 308.0, 384.0, 452.0, 538.0, 610.0, 705.0, 785.0, 868.0),
(, 164.0, 211.0, 261.0, 310.0, 386.0, 454.0, 538.0, 610.0, 706.0, 787.0, 868.0),
(, 184.0, 220.0, 273.0, 321.0, 388.0, 454.0, 538.0, 610.0, 706.0, 786.0, 869.0),
(, 197.0, 236.0, 288.0, 332.0, 390.0, 454.0, 539.0, 610.0, 706.0, 788.0, 870.0),])

New occurence at: 2021-05-29 13:59:43.300696, Trojan name: HT_b^50 
No_Support_Vectors = np.array([
(, 66.0, 166.0, 232.0, 308.0, 384.0, 454.0, 536.0, 610.0, 688.0, 759.0, 824.0),
(, 66.0, 168.0, 236.0, 314.0, 390.0, 462.0, 547.0, 622.0, 704.0, 783.0, 857.0),
(, 80.0, 168.0, 238.0, 317.0, 392.0, 466.0, 549.0, 626.0, 707.0, 786.0, 861.0),
(, 89.0, 171.0, 240.0, 318.0, 393.0, 466.0, 552.0, 630.0, 711.0, 786.0, 864.0),
(, 104.0, 175.0, 240.0, 317.0, 392.0, 466.0, 554.0, 629.0, 710.0, 787.0, 866.0),
(, 121.0, 180.0, 243.0, 316.0, 393.0, 467.0, 551.0, 631.0, 712.0, 788.0, 867.0),
(, 135.0, 190.0, 246.0, 318.0, 393.0, 466.0, 551.0, 634.0, 710.0, 788.0, 868.0),
(, 149.0, 206.0, 254.0, 320.0, 394.0, 466.0, 551.0, 631.0, 711.0, 789.0, 870.0),
(, 168.0, 220.0, 264.0, 324.0, 396.0, 466.0, 553.0, 631.0, 711.0, 788.0, 871.0),
(, 180.0, 232.0, 272.0, 328.0, 398.0, 466.0, 552.0, 633.0, 713.0, 790.0, 870.0),
(, 200.0, 242.0, 288.0, 335.0, 404.0, 469.0, 552.0, 634.0, 714.0, 788.0, 868.0),])

New occurence at: 2021-05-29 21:49:31.965832, Trojan name: HT_a^100 
No_Support_Vectors = np.array([
(, 59.0, 154.0, 234.0, 302.0, 369.0, 454.0, 530.0, 602.0, 663.0, 728.0, 804.0),
(, 63.0, 155.0, 234.0, 306.0, 374.0, 462.0, 541.0, 613.0, 682.0, 752.0, 832.0),
(, 70.0, 156.0, 232.0, 306.0, 376.0, 465.0, 543.0, 615.0, 688.0, 758.0, 836.0),
(, 86.0, 155.0, 234.0, 308.0, 378.0, 466.0, 546.0, 615.0, 690.0, 758.0, 839.0),
(, 98.0, 160.0, 236.0, 308.0, 378.0, 466.0, 546.0, 616.0, 687.0, 764.0, 838.0),
(, 115.0, 170.0, 236.0, 306.0, 378.0, 468.0, 546.0, 615.0, 688.0, 762.0, 842.0),
(, 134.0, 184.0, 242.0, 307.0, 379.0, 468.0, 546.0, 616.0, 688.0, 764.0, 842.0),
(, 150.0, 196.0, 250.0, 310.0, 378.0, 468.0, 546.0, 616.0, 688.0, 764.0, 842.0),
(, 168.0, 213.0, 256.0, 316.0, 380.0, 466.0, 546.0, 616.0, 688.0, 764.0, 842.0),
(, 178.0, 228.0, 270.0, 322.0, 386.0, 466.0, 548.0, 616.0, 688.0, 764.0, 843.0),
(, 192.0, 242.0, 281.0, 334.0, 393.0, 468.0, 548.0, 616.0, 688.0, 766.0, 842.0),])

New occurence at: 2021-05-30 15:59:08.682499, Trojan name: HT_a^50 
No_Support_Vectors = np.array([
(, 72.0, 174.0, 240.0, 306.0, 379.0, 458.0, 528.0, 600.0, 669.0, 750.0, 818.0),
(, 72.0, 172.0, 242.0, 314.0, 387.0, 476.0, 546.0, 615.0, 692.0, 774.0, 845.0),
(, 80.0, 172.0, 242.0, 314.0, 390.0, 476.0, 550.0, 618.0, 701.0, 778.0, 855.0),
(, 92.0, 172.0, 242.0, 314.0, 388.0, 476.0, 552.0, 618.0, 700.0, 783.0, 852.0),
(, 106.0, 172.0, 244.0, 315.0, 389.0, 477.0, 554.0, 618.0, 702.0, 783.0, 859.0),
(, 121.0, 178.0, 244.0, 316.0, 390.0, 478.0, 552.0, 620.0, 706.0, 785.0, 860.0),
(, 134.0, 190.0, 254.0, 316.0, 388.0, 479.0, 554.0, 619.0, 707.0, 785.0, 856.0),
(, 151.0, 202.0, 260.0, 316.0, 390.0, 478.0, 554.0, 620.0, 705.0, 786.0, 858.0),
(, 166.0, 212.0, 266.0, 320.0, 392.0, 478.0, 552.0, 620.0, 707.0, 787.0, 859.0),
(, 180.0, 233.0, 274.0, 328.0, 396.0, 479.0, 554.0, 620.0, 708.0, 787.0, 860.0),
(, 198.0, 250.0, 284.0, 333.0, 400.0, 479.0, 553.0, 620.0, 706.0, 786.0, 859.0),])

New occurence at: 2021-06-05 20:34:14.873875, Trojan name: HT_c^100 
No_Support_Vectors = np.array([
(

New occurence at: 2021-06-05 20:40:14.378758, Trojan name: HT_c^100 
No_Support_Vectors = np.array([
(, 70.0, 212.0, 317.0, 438.0, 581.0, 735.0, 864.0, 1042.0, 1191.0, 1326.0, 1478.0),
(, 80.0, 214.0, 320.0, 446.0, 592.0, 752.0, 884.0, 1073.0, 1222.0, 1378.0, 1534.0),
(, 104.0, 218.0, 322.0, 445.0, 597.0, 756.0, 890.0, 1080.0, 1230.0, 1386.0, 1546.0),
(, 126.0, 236.0, 324.0, 445.0, 596.0, 755.0, 894.0, 1081.0, 1234.0, 1394.0, 1552.0),
(, 155.0, 246.0, 332.0, 448.0, 597.0, 756.0, 892.0, 1084.0, 1234.0, 1395.0, 1556.0),
(, 178.0, 270.0, 344.0, 450.0, 598.0, 756.0, 893.0, 1084.0, 1236.0, 1394.0, 1554.0),
(, 208.0, 293.0, 360.0, 454.0, 600.0, 756.0, 895.0, 1086.0, 1239.0, 1394.0, 1556.0),
(, 233.0, 309.0, 380.0, 464.0, 601.0, 760.0, 894.0, 1087.0, 1238.0, 1396.0, 1560.0),
(, 260.0, 333.0, 394.0, 482.0, 606.0, 759.0, 895.0, 1088.0, 1238.0, 1396.0, 1559.0),
(, 284.0, 357.0, 420.0, 502.0, 614.0, 758.0, 896.0, 1086.0, 1238.0, 1398.0, 1562.0),
(, 312.0, 384.0, 442.0, 520.0, 631.0, 765.0, 901.0, 1088.0, 1240.0, 1396.0, 1562.0),])

New occurence at: 2021-06-06 15:22:35.822475, Trojan name: HT_c^100 
No_Support_Vectors = np.array([
(, 68.0, 217.0, 327.0, 455.0, 604.0, 744.0, 894.0, 1052.0, 1202.0, 1370.0, 1548.0),
(, 74.0, 218.0, 330.0, 466.0, 619.0, 763.0, 924.0, 1085.0, 1238.0, 1437.0, 1630.0),
(, 92.0, 220.0, 332.0, 468.0, 623.0, 766.0, 934.0, 1092.0, 1256.0, 1452.0, 1648.0),
(, 112.0, 222.0, 333.0, 466.0, 624.0, 768.0, 936.0, 1092.0, 1262.0, 1460.0, 1652.0),
(, 142.0, 230.0, 336.0, 468.0, 623.0, 768.0, 938.0, 1096.0, 1265.0, 1460.0, 1659.0),
(, 164.0, 248.0, 342.0, 470.0, 624.0, 768.0, 940.0, 1096.0, 1266.0, 1464.0, 1660.0),
(, 185.0, 262.0, 346.0, 470.0, 625.0, 768.0, 940.0, 1097.0, 1266.0, 1466.0, 1660.0),
(, 202.0, 276.0, 355.0, 474.0, 625.0, 770.0, 942.0, 1095.0, 1267.0, 1466.0, 1666.0),
(, 228.0, 292.0, 366.0, 475.0, 627.0, 772.0, 942.0, 1097.0, 1268.0, 1470.0, 1664.0),
(, 242.0, 310.0, 389.0, 480.0, 630.0, 772.0, 942.0, 1096.0, 1269.0, 1472.0, 1666.0),
(, 264.0, 334.0, 408.0, 493.0, 631.0, 774.0, 944.0, 1096.0, 1270.0, 1471.0, 1666.0),])

New occurence at: 2021-06-06 21:45:01.494662, Trojan name: HT_a^10 
No_Support_Vectors = np.array([
(, 70.0

New occurence at: 2021-06-06 21:45:55.627729, Trojan name: HT_a^50 
No_Support_Vectors = np.array([
(, 72.0, 215.0, 323.0, 452.0, 596.0, 738.0, 903.0, 1058.0, 1202.0, 1368.0, 1538.0),
(, 78.0, 218.0, 330.0, 460.0, 610.0, 756.0, 934.0, 1090.0, 1249.0, 1434.0, 1632.0),
(, 94.0, 218.0, 330.0, 463.0, 612.0, 756.0, 944.0, 1097.0, 1256.0, 1450.0, 1644.0),
(, 113.0, 222.0, 332.0, 462.0, 612.0, 756.0, 946.0, 1101.0, 1258.0, 1452.0, 1658.0),
(, 145.0, 227.0, 333.0, 464.0, 614.0, 758.0, 946.0, 1100.0, 1260.0, 1460.0, 1662.0),
(, 164.0, 242.0, 338.0, 464.0, 615.0, 756.0, 946.0, 1100.0, 1258.0, 1460.0, 1666.0),
(, 188.0, 257.0, 342.0, 466.0, 614.0, 758.0, 949.0, 1100.0, 1264.0, 1462.0, 1664.0),
(, 205.0, 273.0, 358.0, 471.0, 614.0, 758.0, 948.0, 1100.0, 1262.0, 1464.0, 1670.0),
(, 226.0, 290.0, 370.0, 480.0, 616.0, 758.0, 949.0, 1102.0, 1264.0, 1466.0, 1668.0),
(, 246.0, 309.0, 395.0, 486.0, 620.0, 759.0, 949.0, 1100.0, 1265.0, 1467.0, 1670.0),
(, 266.0, 329.0, 409.0, 500.0, 625.0, 760.0, 949.0, 1102.0, 1266.0, 1466.0, 1670.0),])

New occurence at: 2021-06-07 13:01:51.538073, Trojan name: HT_a^10 
No_Support_Vectors = np.array([
(, 74.0, 208.0, 334.0, 469.0, 610.0, 754.0, 908.0, 1056.0, 1212.0, 1384.0, 1554.0),
(, 78.0, 210.0, 334.0, 472.0, 628.0, 775.0, 935.0, 1092.0, 1250.0, 1444.0, 1629.0),
(, 96.0, 214.0, 332.0, 476.0, 632.0, 780.0, 948.0, 1098.0, 1262.0, 1460.0, 1644.0),
(, 114.0, 218.0, 334.0, 475.0, 634.0, 782.0, 951.0, 1103.0, 1267.0, 1464.0, 1653.0),
(, 140.0, 225.0, 338.0, 475.0, 634.0, 782.0, 953.0, 1104.0, 1270.0, 1470.0, 1660.0),
(, 163.0, 242.0, 343.0, 478.0, 634.0, 783.0, 952.0, 1104.0, 1270.0, 1468.0, 1659.0),
(, 184.0, 254.0, 350.0, 478.0, 634.0, 782.0, 950.0, 1106.0, 1268.0, 1471.0, 1662.0),
(, 200.0, 277.0, 359.0, 484.0, 638.0, 786.0, 954.0, 1106.0, 1270.0, 1472.0, 1661.0),
(, 222.0, 292.0, 371.0, 486.0, 639.0, 783.0, 952.0, 1108.0, 1272.0, 1474.0, 1664.0),
(, 246.0, 314.0, 390.0, 493.0, 642.0, 784.0, 956.0, 1108.0, 1272.0, 1474.0, 1662.0),
(, 266.0, 334.0, 406.0, 504.0, 646.0, 785.0, 956.0, 1107.0, 1272.0, 1476.0, 1664.0),])

New occurence at: 2021-06-07 13:35:43.052867, Trojan name: HT_a^10 
No_Support_Vectors = np.array([
(, 1056.0, 1202.0, 1386.0, 1554.0, 1720.0, 1880.0, 2056.0, 2235.0),
(, 1094.0, 1253.0, 1451.0, 1644.0, 1816.0, 2004.0, 2206.0, 2405.0),
(, 1092.0, 1260.0, 1468.0, 1658.0, 1832.0, 2031.0, 2242.0, 2442.0),
(, 1099.0, 1274.0, 1474.0, 1668.0, 1842.0, 2048.0, 2254.0, 2458.0),
(, 1100.0, 1271.0, 1480.0, 1673.0, 1846.0, 2050.0, 2260.0, 2466.0),
(, 1100.0, 1274.0, 1481.0, 1673.0, 1852.0, 2062.0, 2266.0, 2472.0),
(, 1102.0, 1278.0, 1482.0, 1676.0, 1852.0, 2062.0, 2268.0, 2472.0),
(, 1100.0, 1280.0, 1485.0, 1676.0, 1857.0, 2064.0, 2270.0, 2474.0),
(, 1102.0, 1278.0, 1484.0, 1680.0, 1858.0, 2065.0, 2275.0, 2478.0),
(, 1102.0, 1280.0, 1484.0, 1680.0, 1859.0, 2067.0, 2276.0, 2478.0),
(, 1103.0, 1280.0, 1486.0, 1680.0, 1860.0, 2068.0, 2275.0, 2482.0),])

New occurence at: 2021-06-07 14:53:00.594731, Trojan name: HT_a^10 
No_Support_Vectors = np.array([
(, 1104.0, 1469.0, 1844.0, 2258.0, 2664.0, 3125.0, 3554.0, 3990.0, 4414.0, 4868.0, 5254.0),
(, 1104.0, 1472.0, 1847.0, 2262.0, 2672.0, 3125.0, 3563.0, 3996.0, 4424.0, 4871.0, 5262.0),
(, 1104.0, 1472.0, 1850.0, 2265.0

New occurence at: 2021-06-07 15:19:40.998946, Trojan name: HT_a^10 
No_Support_Vectors = np.array([
(, 2266.0, 2368.0, 2458.0, 2564.0, 2675.0, 2788.0, 2894.0, 3013.0),
(, 2266.0, 2368.0, 2460.0, 2565.0, 2676.0, 2790.0, 2894.0, 3014.0),
(, 2266.0, 2367.0, 2462.0, 2565.0, 2676.0, 2790.0, 2898.0, 3013.0),
(, 2266.0, 2366.0, 2462.0, 2566.0, 2676.0, 2792.0, 2898.0, 3017.0),
(, 2266.0, 2368.0, 2462.0, 2566.0, 2679.0, 2792.0, 2900.0, 3015.0),
(, 2268.0, 2370.0, 2461.0, 2568.0, 2678.0, 2794.0, 2900.0, 3018.0),
(, 2270.0, 2371.0, 2460.0, 2567.0, 2678.0, 2794.0, 2900.0, 3019.0),])

New occurence at: 2021-06-07 22:21:38.331079, Trojan name: HT_a^100 
No_Support_Vectors = np.array([
(, 71.0, 336.0, 608.0, 901.0, 1190.0, 1560.0, 1872.0, 2232.0, 2574.0),
(, 96.0, 340.0, 616.0, 933.0, 1250.0, 1648.0, 2022.0, 2416.0, 2854.0),
(, 142.0, 340.0, 620.0, 940.0, 1258.0, 1661.0, 2037.0, 2440.0, 2882.0),
(, 181.0, 354.0, 620.0, 940.0, 1259.0, 1664.0, 2045.0, 2446.0, 2890.0),
(, 222.0, 372.0, 622.0, 942.0, 1262.0, 1667.0, 2049.0, 2452.0, 2894.0),
(, 269.0, 412.0, 630.0, 944.0, 1262.0, 1668.0, 2052.0, 2454.0, 2902.0),
(, 305.0, 438.0, 652.0, 944.0, 1263.0, 1670.0, 2052.0, 2456.0, 2903.0),
(, 352.0, 472.0, 672.0, 951.0, 1263.0, 1668.0, 2054.0, 2458.0, 2906.0),
(, 398.0, 515.0, 690.0, 956.0, 1264.0, 1669.0, 2054.0, 2462.0, 2908.0),])

New occurence at: 2021-06-08 12:46:40.983995, Trojan name: HT_b^10 
No_Support_Vectors = np.array([
(, 72.0, 326.0, 595.0, 900.0, 1201.0, 1555.0, 1892.0, 2242.0, 2598.0),
(, 94.0, 332.0, 613.0, 940.0, 1266.0, 1653.0, 2026.0, 2440.0, 2872.0),
(, 142.0, 335.0, 616.0, 944.0, 1276.0, 1662.0, 2041.0, 2461.0, 2899.0),
(, 184.0, 353.0, 617.0, 944.0, 1279.0, 1664.0, 2050.0, 2470.0, 2916.0),
(, 226.0, 378.0, 620.0, 945.0, 1278.0, 1664.0, 2052.0, 2474.0, 2916.0),
(, 264.0, 410.0, 627.0, 948.0, 1280.0, 1666.0, 2058.0, 2476.0, 2922.0),
(, 306.0, 445.0, 650.0, 946.0, 1280.0, 1666.0, 2058.0, 2478.0, 2923.0),
(, 353.0, 470.0, 668.0, 951.0, 1283.0, 1669.0, 2060.0, 2484.0, 2925.0),
(, 398.0, 510.0, 689.0, 960.0, 1286.0, 1669.0, 2062.0, 2484.0, 2928.0),])

New occurence at: 2021-06-08 13:28:30.585529, Trojan name: HT_b^10 
No_Support_Vectors = np.array([
(, 1625.0, 1796.0, 1971.0, 2185.0),
(, 1655.0, 1830.0, 2026.0, 2245.0),
(, 1657.0, 1843.0, 2044.0, 2261.0),])

New occurence at: 2021-06-09 01:33:03.164253, Trojan name: HT_b^100 
No_Support_Vectors = np.array([
(, 69.0, 331.0, 604.0, 900.0, 1196.0, 1548.0, 1876.0, 2228.0),
(, 94.0, 336.0, 619.0, 936.0, 1261.0, 1646.0, 2025.0, 2420.0),
(, 144.0, 339.0, 618.0, 941.0, 1270.0, 1658.0, 2043.0, 2440.0),
(, 184.0, 356.0, 620.0, 944.0, 1270.0, 1662.0, 2048.0, 2452.0),
(, 226.0, 372.0, 624.0, 946.0, 1272.0, 1667.0, 2052.0, 2458.0),
(, 264.0, 410.0, 630.0, 948.0, 1274.0, 1665.0, 2055.0, 2458.0),
(, 306.0, 443.0, 654.0, 950.0, 1273.0, 1666.0, 2058.0, 2460.0),
(, 350.0, 478.0, 678.0, 954.0, 1274.0, 1668.0, 2058.0, 2462.0),])

New occurence at: 2021-06-09 15:42:32.843301, Trojan name: HT_b^50 
No_Support_Vectors = np.array([
(, 68.0, 330.0, 601.0, 899.0, 1200.0, 1555.0, 1883.0, 2228.0),
(, 94.0, 336.0, 622.0, 940.0, 1268.0, 1653.0, 2024.0, 2427.0),
(, 142.0, 337.0, 622.0, 944.0, 1276.0, 1664.0, 2046.0, 2452.0),
(, 182.0, 352.0, 626.0, 945.0, 1278.0, 1670.0, 2054.0, 2459.0),
(, 224.0, 372.0, 626.0, 944.0, 1280.0, 1672.0, 2058.0, 2467.0),
(, 266.0, 412.0, 630.0, 946.0, 1280.0, 1673.0, 2062.0, 2468.0),
(, 303.0, 446.0, 650.0, 948.0, 1281.0, 1673.0, 2064.0, 2472.0),
(, 351.0, 482.0, 670.0, 950.0, 1283.0, 1672.0, 2064.0, 2474.0),])

New occurence at: 2021-06-09 21:02:36.319549, Trojan name: HT_b^10 
No_Support_Vectors = np.array([
(, 70.0, 332.0, 604.0, 902.0, 1210.0, 1552.0, 1878.0, 2232.0),
(, 96.0, 336.0, 617.0, 940.0, 1272.0, 1664.0, 2026.0, 2426.0),
(, 140.0, 339.0, 618.0, 943.0, 1274.0, 1675.0, 2048.0, 2460.0),
(, 180.0, 349.0, 620.0, 946.0, 1282.0, 1680.0, 2057.0, 2466.0),
(, 225.0, 374.0, 625.0, 947.0, 1284.0, 1680.0, 2056.0, 2477.0),
(, 268.0, 408.0, 632.0, 947.0, 1284.0, 1684.0, 2061.0, 2480.0),
(, 309.0, 444.0, 654.0, 951.0, 1284.0, 1682.0, 2060.0, 2483.0),
(, 348.0, 480.0, 672.0, 955.0, 1286.0, 1686.0, 2062.0, 2486.0),])

New occurence at: 2021-06-10 20:50:48.794207, Trojan name: HT_b^20 
No_Support_Vectors = np.array([
(, 68.0, 336.0, 598.0, 896.0, 1210.0, 1563.0, 1872.0, 2212.0),
(, 93.0, 340.0, 614.0, 938.0, 1272.0, 1666.0, 2016.0, 2418.0),
(, 138.0, 338.0, 617.0, 941.0, 1283.0, 1674.0, 2036.0, 2450.0),
(, 182.0, 356.0, 617.0, 944.0, 1287.0, 1680.0, 2046.0, 2460.0),
(, 220.0, 375.0, 618.0, 944.0, 1286.0, 1681.0, 2050.0, 2467.0),
(, 269.0, 405.0, 628.0, 945.0, 1286.0, 1686.0, 2052.0, 2468.0),
(, 302.0, 440.0, 648.0, 948.0, 1288.0, 1686.0, 2054.0, 2470.0),
(, 352.0, 474.0, 672.0, 952.0, 1286.0, 1687.0, 2055.0, 2474.0),])

New occurence at: 2021-06-11 03:05:11.580979, Trojan name: HT_a^20 
No_Support_Vectors = np.array([
(, 72.0, 328.0, 600.0, 904.0, 1206.0, 1554.0, 1872.0, 2220.0),
(, 96.0, 338.0, 623.0, 933.0, 1266.0, 1648.0, 2012.0, 2406.0),
(, 140.0, 339.0, 622.0, 940.0, 1276.0, 1656.0, 2026.0, 2434.0),
(, 184.0, 352.0, 625.0, 942.0, 1277.0, 1660.0, 2036.0, 2440.0),
(, 222.0, 366.0, 628.0, 944.0, 1282.0, 1663.0, 2042.0, 2446.0),
(, 265.0, 406.0, 633.0, 945.0, 1280.0, 1664.0, 2044.0, 2448.0),
(, 309.0, 436.0, 656.0, 949.0, 1280.0, 1666.0, 2044.0, 2452.0),
(, 347.0, 470.0, 673.0, 952.0, 1281.0, 1666.0, 2046.0, 2453.0),])

New occurence at: 2021-06-11 13:10:58.557900, Trojan name: HT_a^20 
No_Support_Vectors = np.array([
(, 72.0, 332.0, 605.0, 907.0

New occurence at: 2021-06-11 13:21:54.288556, Trojan name: HT_c^20 
No_Support_Vectors = np.array([
(, 69.0, 332.0, 596.0, 906.0, 1214.0, 1562.0, 1869.0, 2222.0),
(, 96.0, 336.0, 614.0, 942.0, 1270.0, 1665.0, 2019.0, 2428.0),
(, 141.0, 340.0, 617.0, 945.0, 1280.0, 1676.0, 2037.0, 2446.0),
(, 179.0, 353.0, 619.0, 948.0, 1282.0, 1682.0, 2044.0, 2458.0),
(, 222.0, 376.0, 624.0, 950.0, 1282.0, 1685.0, 2050.0, 2466.0),
(, 266.0, 408.0, 630.0, 949.0, 1282.0, 1683.0, 2050.0, 2466.0),
(, 302.0, 441.0, 649.0, 952.0, 1284.0, 1684.0, 2054.0, 2467.0),
(, 355.0, 472.0, 678.0, 954.0, 1286.0, 1684.0, 2056.0, 2466.0),])

New occurence at: 2021-06-12 12:10:23.812262, Trojan name: HT_c^50 
No_Support_Vectors = np.array([
(, 72.0, 329.0, 596.0, 906.0, 1206.0, 1558.0, 1873.0, 2228.0),
(, 97.0, 336.0, 618.0, 932.0, 1262.0, 1645.0, 2012.0, 2422.0),
(, 138.0, 336.0, 620.0, 937.0, 1268.0, 1658.0, 2038.0, 2448.0),
(, 184.0, 354.0, 620.0, 938.0, 1270.0, 1659.0, 2048.0, 2458.0),
(, 225.0, 372.0, 624.0, 941.0, 1269.0, 1662.0, 2047.0, 2466.0),
(, 268.0, 414.0, 633.0, 940.0, 1274.0, 1666.0, 2052.0, 2468.0),
(, 307.0, 439.0, 653.0, 942.0, 1272.0, 1664.0, 2054.0, 2466.0),
(, 353.0, 473.0, 670.0, 949.0, 1274.0, 1665.0, 2054.0, 2470.0),])

New occurence at: 2021-06-12 15:04:15.913742, Trojan name: HT_c^100 
No_Support_Vectors = np.array([
(, 70.0, 340.0, 600.0, 908.0, 1206.0, 1564.0, 1888.0, 2236.0),
(, 95.0, 344.0, 616.0, 945.0, 1268.0, 1668.0, 2029.0, 2432.0),
(, 143.0, 348.0, 616.0, 948.0, 1280.0, 1674.0, 2048.0, 2452.0),
(, 181.0, 348.0, 618.0, 950.0, 1284.0, 1681.0, 2056.0, 2462.0),
(, 224.0, 374.0, 622.0, 951.0, 1284.0, 1682.0, 2061.0, 2467.0),
(, 263.0, 412.0, 629.0, 952.0, 1287.0, 1684.0, 2061.0, 2470.0),
(, 306.0, 438.0, 655.0, 952.0, 1286.0, 1684.0, 2062.0, 2472.0),
(, 353.0, 472.0, 676.0, 954.0, 1286.0, 1684.0, 2063.0, 2472.0),])