

New occurence at: 2021-03-04 17:10:59.023492, Trojan name: HT1_1 - 4 

kernel , nu   , gamma   ,    Accuracy,    F1_score,    Recall,   Precision,   No_Sup_Vec, TP   , FN   , FP   , TN 
rbf  , 0.03  , 0.02  ,  0.78724  , 0.81819  , 0.95991  , 0.71295  , 2563.0  ,  23928   , 1072  , 9703  , 15297
rbf  , 0.03  , 0.0225  ,  0.79024  , 0.81977  , 0.95653  , 0.71724  , 2754.0  ,  23852   , 1148  , 9456  , 15544
rbf  , 0.03  , 0.025  ,  0.79284  , 0.821  , 0.9526  , 0.72137  , 2982.0  ,  23736   , 1264  , 9244  , 15756
rbf  , 0.03  , 0.0275  ,  0.79524  , 0.8221  , 0.94866  , 0.72536  , 3224.0  ,  23626   , 1374  , 9003  , 15997
rbf  , 0.03  , 0.03  ,  0.79784  , 0.82334  , 0.94458  , 0.7297  , 3507.0  ,  23525   , 1475  , 8788  , 16212
rbf  , 0.03  , 0.0325  ,  0.80052  , 0.82456  , 0.93993  , 0.73443  , 3820.0  ,  23388   , 1612  , 8554  , 16446
rbf  , 0.03  , 0.035  ,  0.80232  , 0.82498  , 0.93423  , 0.73862  , 4166.0  ,  23238   , 1762  , 8351  , 16649
rbf  , 0.0325  , 0.02  ,  0.7878  , 0.81821  , 0.95757  , 0.71428  , 2692.0  ,  23870   , 1130  , 9605  , 15395
rbf  , 0.0325  , 0.0225  ,  0.791  , 0.82008  , 0.95508  , 0.71853  , 2860.0  ,  23797   , 1203  , 9381  , 15619
rbf  , 0.0325  , 0.025  ,  0.79328  , 0.82109  , 0.95116  , 0.72234  , 3069.0  ,  23702   , 1298  , 9159  , 15841
rbf  , 0.0325  , 0.0275  ,  0.79584  , 0.82244  , 0.9481  , 0.72622  , 3300.0  ,  23598   , 1402  , 8933  , 16067
rbf  , 0.0325  , 0.03  ,  0.79856  , 0.82383  , 0.94442  , 0.73057  , 3568.0  ,  23500   , 1500  , 8749  , 16251
rbf  , 0.0325  , 0.0325  ,  0.8012  , 0.82501  , 0.93969  , 0.7353  , 3864.0  ,  23368   , 1632  , 8527  , 16473
rbf  , 0.0325  , 0.035  ,  0.8028  , 0.82531  , 0.93407  , 0.73925  , 4195.0  ,  23230   , 1770  , 8328  , 16672
rbf  , 0.035  , 0.02  ,  0.78832  , 0.8183  , 0.95581  , 0.7154  , 2802.0  ,  23829   , 1171  , 9531  , 15469
rbf  , 0.035  , 0.0225  ,  0.79148  , 0.82012  , 0.95316  , 0.71969  , 2963.0  ,  23754   , 1246  , 9304  , 15696
rbf  , 0.035  , 0.025  ,  0.79364  , 0.82116  , 0.94996  , 0.72315  , 3164.0  ,  23673   , 1327  , 9108  , 15892
rbf  , 0.035  , 0.0275  ,  0.79632  , 0.82263  , 0.94706  , 0.72711  , 3381.0  ,  23570   , 1430  , 8876  , 16124
rbf  , 0.035  , 0.03  ,  0.79924  , 0.82421  , 0.9437  , 0.7316  , 3640.0  ,  23469   , 1531  , 8687  , 16313
rbf  , 0.035  , 0.0325  ,  0.80116  , 0.8248  , 0.93849  , 0.7357  , 3923.0  ,  23340   , 1660  , 8479  , 16521
rbf  , 0.035  , 0.035  ,  0.80324  , 0.82549  , 0.93319  , 0.7401  , 4243.0  ,  23207   , 1793  , 8298  , 16702
rbf  , 0.0375  , 0.02  ,  0.78856  , 0.81807  , 0.95324  , 0.71649  , 2923.0  ,  23769   , 1231  , 9456  , 15544
rbf  , 0.0375  , 0.0225  ,  0.79152  , 0.81987  , 0.95132  , 0.72035  , 3075.0  ,  23700   , 1300  , 9251  , 15749
rbf  , 0.0375  , 0.025  ,  0.79384  , 0.82102  , 0.94811  , 0.724  , 3268.0  ,  23621   , 1379  , 9032  , 15968
rbf  , 0.0375  , 0.0275  ,  0.79684  , 0.82276  , 0.94547  , 0.72826  , 3469.0  ,  23539   , 1461  , 8824  , 16176
rbf  , 0.0375  , 0.03  ,  0.79944  , 0.82414  , 0.94234  , 0.73232  , 3713.0  ,  23444   , 1556  , 8648  , 16352
rbf  , 0.0375  , 0.0325  ,  0.80128  , 0.82473  , 0.93745  , 0.73622  , 3982.0  ,  23317   , 1683  , 8441  , 16559
rbf  , 0.0375  , 0.035  ,  0.80304  , 0.8252  , 0.93223  , 0.74023  , 4292.0  ,  23182   , 1818  , 8253  , 16747
rbf  , 0.04  , 0.02  ,  0.7888  , 0.81793  , 0.95124  , 0.71741  , 3045.0  ,  23726   , 1274  , 9386  , 15614
rbf  , 0.04  , 0.0225  ,  0.79168  , 0.81958  , 0.94876  , 0.72139  , 3193.0  ,  23660   , 1340  , 9190  , 15810
rbf  , 0.04  , 0.025  ,  0.7942  , 0.82095  , 0.94603  , 0.72511  , 3375.0  ,  23583   , 1417  , 8980  , 16020
rbf  , 0.04  , 0.0275  ,  0.7976  , 0.82313  , 0.94435  , 0.72951  , 3558.0  ,  23503   , 1497  , 8778  , 16222
rbf  , 0.04  , 0.03  ,  0.79952  , 0.82392  , 0.9405  , 0.73308  , 3787.0  ,  23409   , 1591  , 8600  , 16400
rbf  , 0.04  , 0.0325  ,  0.80132  , 0.82457  , 0.93625  , 0.73672  , 4052.0  ,  23290   , 1710  , 8399  , 16601
rbf  , 0.04  , 0.035  ,  0.80316  , 0.82505  , 0.93071  , 0.74095  , 4351.0  ,  23157   , 1843  , 8213  , 16787
rbf  , 0.0425  , 0.02  ,  0.78876  , 0.8176  , 0.94932  , 0.718  , 3174.0  ,  23681   , 1319  , 9324  , 15676
rbf  , 0.0425  , 0.0225  ,  0.79184  , 0.81938  , 0.94676  , 0.72224  , 3307.0  ,  23616   , 1384  , 9126  , 15874
rbf  , 0.0425  , 0.025  ,  0.79504  , 0.82128  , 0.94427  , 0.72666  , 3481.0  ,  23536   , 1464  , 8913  , 16087
rbf  , 0.0425  , 0.0275  ,  0.79764  , 0.82282  , 0.94218  , 0.73033  , 3667.0  ,  23454   , 1546  , 8731  , 16269
rbf  , 0.0425  , 0.03  ,  0.7994  , 0.8235  , 0.93834  , 0.73373  , 3880.0  ,  23363   , 1637  , 8556  , 16444
rbf  , 0.0425  , 0.0325  ,  0.80188  , 0.82473  , 0.93464  , 0.73797  , 4129.0  ,  23261   , 1739  , 8349  , 16651
rbf  , 0.0425  , 0.035  ,  0.80344  , 0.82508  , 0.92959  , 0.74172  , 4411.0  ,  23138   , 1862  , 8178  , 16822
rbf  , 0.045  , 0.02  ,  0.7896  , 0.81789  , 0.9474  , 0.71956  , 3310.0  ,  23633   , 1367  , 9250  , 15750
rbf  , 0.045  , 0.0225  ,  0.7928  , 0.81984  , 0.94532  , 0.7238  , 3436.0  ,  23572   , 1428  , 9053  , 15947
rbf  , 0.045  , 0.025  ,  0.79512  , 0.82114  , 0.94299  , 0.7272  , 3600.0  ,  23490   , 1510  , 8866  , 16134
rbf  , 0.045  , 0.0275  ,  0.79796  , 0.82279  , 0.9405  , 0.7313  , 3770.0  ,  23402   , 1598  , 8688  , 16312
rbf  , 0.045  , 0.03  ,  0.7996  , 0.8234  , 0.93673  , 0.73455  , 3982.0  ,  23327   , 1673  , 8492  , 16508
rbf  , 0.045  , 0.0325  ,  0.80188  , 0.82437  , 0.93232  , 0.73885  , 4215.0  ,  23216   , 1784  , 8299  , 16701
rbf  , 0.045  , 0.035  ,  0.8038  , 0.82515  , 0.92831  , 0.74265  , 4484.0  ,  23111   , 1889  , 8124  , 16876

Trojan name: HT1_1 - 4 ==> Best params: nu = 0.035  , gamma = 0.035  , F1_score = 0.82549  


New occurence at: 2021-03-04 19:47:42.918126, Trojan name: HT1_2 - 4 

kernel , nu   , gamma   ,    Accuracy,    F1_score,    Recall,   Precision,   No_Sup_Vec, TP   , FN   , FP   , TN 
rbf  , 0.015  , 0.02  ,  0.90024  , 0.90704  , 0.96487  , 0.85576  , 2069.0  ,  24122   , 878  , 4149  , 20851
rbf  , 0.015  , 0.0225  ,  0.90188  , 0.90807  , 0.96075  , 0.86088  , 2366.0  ,  24004   , 996  , 3932  , 21068
rbf  , 0.015  , 0.025  ,  0.90304  , 0.90852  , 0.95456  , 0.86672  , 2696.0  ,  23865   , 1135  , 3727  , 21273
rbf  , 0.015  , 0.0275  ,  0.90344  , 0.9084  , 0.94925  , 0.87093  , 3034.0  ,  23728   , 1272  , 3554  , 21446
rbf  , 0.015  , 0.03  ,  0.90392  , 0.90834  , 0.94385  , 0.87541  , 3392.0  ,  23601   , 1399  , 3383  , 21617
rbf  , 0.0175  , 0.02  ,  0.90032  , 0.90704  , 0.96415  , 0.85633  , 2118.0  ,  24106   , 894  , 4114  , 20886
rbf  , 0.0175  , 0.0225  ,  0.90208  , 0.90819  , 0.96027  , 0.86149  , 2397.0  ,  23986   , 1014  , 3912  , 21088
rbf  , 0.0175  , 0.025  ,  0.90288  , 0.90836  , 0.95432  , 0.86663  , 2709.0  ,  23864   , 1136  , 3718  , 21282
rbf  , 0.0175  , 0.0275  ,  0.90352  , 0.90847  , 0.94925  , 0.87106  , 3039.0  ,  23733   , 1267  , 3551  , 21449
rbf  , 0.0175  , 0.03  ,  0.90388  , 0.9083  , 0.94377  , 0.8754  , 3395.0  ,  23601   , 1399  , 3382  , 21618
rbf  , 0.02  , 0.02  ,  0.90092  , 0.90744  , 0.96296  , 0.85799  , 2189.0  ,  24065   , 935  , 4056  , 20944
rbf  , 0.02  , 0.0225  ,  0.90292  , 0.90886  , 0.95971  , 0.86314  , 2445.0  ,  23973   , 1027  , 3873  , 21127
rbf  , 0.02  , 0.025  ,  0.90292  , 0.90836  , 0.95392  , 0.86696  , 2737.0  ,  23851   , 1149  , 3702  , 21298
rbf  , 0.02  , 0.0275  ,  0.90344  , 0.90836  , 0.94877  , 0.87125  , 3051.0  ,  23726   , 1274  , 3548  , 21452
rbf  , 0.02  , 0.03  ,  0.90408  , 0.90847  , 0.94377  , 0.87572  , 3402.0  ,  23595   , 1405  , 3382  , 21618
rbf  , 0.0225  , 0.02  ,  0.90088  , 0.90726  , 0.96121  , 0.85904  , 2276.0  ,  24021   , 979  , 3997  , 21003
rbf  , 0.0225  , 0.0225  ,  0.90244  , 0.90828  , 0.95773  , 0.8637  , 2513.0  ,  23934   , 1066  , 3827  , 21173
rbf  , 0.0225  , 0.025  ,  0.903  , 0.90835  , 0.95297  , 0.86772  , 2784.0  ,  23826   , 1174  , 3678  , 21322
rbf  , 0.0225  , 0.0275  ,  0.9036  , 0.90849  , 0.94869  , 0.87156  , 3084.0  ,  23709   , 1291  , 3521  , 21479
rbf  , 0.0225  , 0.03  ,  0.90424  , 0.90857  , 0.9433  , 0.87631  , 3415.0  ,  23592   , 1408  , 3379  , 21621
rbf  , 0.025  , 0.02  ,  0.90108  , 0.90727  , 0.95939  , 0.86052  , 2377.0  ,  23984   , 1016  , 3930  , 21070
rbf  , 0.025  , 0.0225  ,  0.90196  , 0.9077  , 0.95575  , 0.86426  , 2598.0  ,  23903   , 1097  , 3774  , 21226
rbf  , 0.025  , 0.025  ,  0.90312  , 0.90837  , 0.9521  , 0.8685  , 2841.0  ,  23808   , 1192  , 3645  , 21355
rbf  , 0.025  , 0.0275  ,  0.90384  , 0.90864  , 0.94806  , 0.87238  , 3123.0  ,  23698   , 1302  , 3490  , 21510
rbf  , 0.025  , 0.03  ,  0.90444  , 0.90871  , 0.94298  , 0.87686  , 3435.0  ,  23582   , 1418  , 3355  , 21645

Trojan name: HT1_2 - 4 ==> Best params: nu = 0.02  , gamma = 0.0225  , F1_score = 0.90886  


New occurence at: 2021-03-04 20:58:34.246461, Trojan name: HT1_3 - 4 

kernel , nu   , gamma   ,    Accuracy,    F1_score,    Recall,   Precision,   No_Sup_Vec, TP   , FN   , FP   , TN 
rbf  , 0.01  , 0.01  ,  0.8866  , 0.89592  , 0.9819  , 0.82382  , 1032.0  ,  24531   , 469  , 5370  , 19630
rbf  , 0.01  , 0.0125  ,  0.89152  , 0.89969  , 0.97875  , 0.83247  , 1223.0  ,  24427   , 573  , 5037  , 19963
rbf  , 0.01  , 0.015  ,  0.89668  , 0.90358  , 0.974  , 0.84269  , 1466.0  ,  24321   , 679  , 4705  , 20295
rbf  , 0.01  , 0.0175  ,  0.90036  , 0.90625  , 0.96872  , 0.85139  , 1736.0  ,  24202   , 798  , 4390  , 20610
rbf  , 0.01  , 0.02  ,  0.90356  , 0.90867  , 0.96503  , 0.85857  , 2028.0  ,  24092   , 908  , 4089  , 20911
rbf  , 0.01  , 0.0225  ,  0.90636  , 0.91067  , 0.96028  , 0.86597  , 2336.0  ,  23948   , 1052  , 3839  , 21161
rbf  , 0.01  , 0.025  ,  0.9078  , 0.9115  , 0.95537  , 0.87153  , 2680.0  ,  23794   , 1206  , 3603  , 21397
rbf  , 0.0125  , 0.01  ,  0.88852  , 0.89736  , 0.98038  , 0.82734  , 1138.0  ,  24479   , 521  , 5235  , 19765
rbf  , 0.0125  , 0.0125  ,  0.89316  , 0.90096  , 0.97771  , 0.83542  , 1311.0  ,  24387   , 613  , 4938  , 20062
rbf  , 0.0125  , 0.015  ,  0.898  , 0.90467  , 0.97361  , 0.84488  , 1510.0  ,  24297   , 703  , 4649  , 20351
rbf  , 0.0125  , 0.0175  ,  0.90088  , 0.90666  , 0.96832  , 0.85242  , 1761.0  ,  24191   , 809  , 4370  , 20630
rbf  , 0.0125  , 0.02  ,  0.90368  , 0.90875  , 0.96478  , 0.85891  , 2038.0  ,  24084   , 916  , 4081  , 20919
rbf  , 0.0125  , 0.0225  ,  0.90624  , 0.91056  , 0.96019  , 0.86583  , 2341.0  ,  23947   , 1053  , 3833  , 21167
rbf  , 0.0125  , 0.025  ,  0.90776  , 0.91147  , 0.95537  , 0.87147  , 2681.0  ,  23793   , 1207  , 3602  , 21398
rbf  , 0.015  , 0.01  ,  0.89004  , 0.89837  , 0.97773  , 0.83096  , 1260.0  ,  24421   , 579  , 5093  , 19907
rbf  , 0.015  , 0.0125  ,  0.89528  , 0.90256  , 0.97578  , 0.8396  , 1415.0  ,  24345   , 655  , 4832  , 20168
rbf  , 0.015  , 0.015  ,  0.89924  , 0.90562  , 0.97249  , 0.84738  , 1585.0  ,  24265   , 735  , 4550  , 20450
rbf  , 0.015  , 0.0175  ,  0.9016  , 0.90723  , 0.96791  , 0.85375  , 1814.0  ,  24175   , 825  , 4297  , 20703
rbf  , 0.015  , 0.02  ,  0.90404  , 0.90899  , 0.96406  , 0.85992  , 2069.0  ,  24058   , 942  , 4044  , 20956
rbf  , 0.015  , 0.0225  ,  0.9064  , 0.91069  , 0.96011  , 0.86614  , 2357.0  ,  23944   , 1056  , 3819  , 21181
rbf  , 0.015  , 0.025  ,  0.9078  , 0.9115  , 0.95537  , 0.87153  , 2686.0  ,  23795   , 1205  , 3603  , 21397
rbf  , 0.0175  , 0.01  ,  0.89172  , 0.89962  , 0.97612  , 0.83427  , 1392.0  ,  24375   , 625  , 5002  , 19998
rbf  , 0.0175  , 0.0125  ,  0.89668  , 0.90355  , 0.97368  , 0.84287  , 1525.0  ,  24302   , 698  , 4715  , 20285
rbf  , 0.0175  , 0.015  ,  0.90016  , 0.90625  , 0.97081  , 0.84978  , 1684.0  ,  24229   , 771  , 4445  , 20555
rbf  , 0.0175  , 0.0175  ,  0.9026  , 0.90801  , 0.96703  , 0.85582  , 1890.0  ,  24144   , 856  , 4209  , 20791
rbf  , 0.0175  , 0.02  ,  0.90452  , 0.90939  , 0.96381  , 0.86081  , 2120.0  ,  24045   , 955  , 3990  , 21010
rbf  , 0.0175  , 0.0225  ,  0.9066  , 0.91085  , 0.95995  , 0.86656  , 2380.0  ,  23926   , 1074  , 3796  , 21204
rbf  , 0.0175  , 0.025  ,  0.90804  , 0.91171  , 0.95529  , 0.87198  , 2698.0  ,  23786   , 1214  , 3586  , 21414
rbf  , 0.02  , 0.01  ,  0.89308  , 0.90055  , 0.97394  , 0.83749  , 1523.0  ,  24322   , 678  , 4906  , 20094
rbf  , 0.02  , 0.0125  ,  0.89768  , 0.90422  , 0.97176  , 0.8455  , 1654.0  ,  24252   , 748  , 4628  , 20372
rbf  , 0.02  , 0.015  ,  0.9008  , 0.9066  , 0.96855  , 0.85214  , 1800.0  ,  24189   , 811  , 4358  , 20642
rbf  , 0.02  , 0.0175  ,  0.90308  , 0.90829  , 0.9655  , 0.85751  , 1978.0  ,  24115   , 885  , 4127  , 20873
rbf  , 0.02  , 0.02  ,  0.90504  , 0.90974  , 0.96276  , 0.86228  , 2185.0  ,  24025   , 975  , 3914  , 21086
rbf  , 0.02  , 0.0225  ,  0.90672  , 0.91089  , 0.95922  , 0.86723  , 2431.0  ,  23906   , 1094  , 3740  , 21260
rbf  , 0.02  , 0.025  ,  0.9082  , 0.91183  , 0.95513  , 0.87233  , 2731.0  ,  23779   , 1221  , 3545  , 21455
rbf  , 0.0225  , 0.01  ,  0.89456  , 0.90158  , 0.9716  , 0.84101  , 1667.0  ,  24267   , 733  , 4767  , 20233
rbf  , 0.0225  , 0.0125  ,  0.89864  , 0.90485  , 0.96952  , 0.84831  , 1772.0  ,  24207   , 793  , 4537  , 20463
rbf  , 0.0225  , 0.015  ,  0.90132  , 0.90688  , 0.96655  , 0.85419  , 1910.0  ,  24144   , 856  , 4279  , 20721
rbf  , 0.0225  , 0.0175  ,  0.90376  , 0.90876  , 0.96413  , 0.85944  , 2077.0  ,  24075   , 925  , 4061  , 20939
rbf  , 0.0225  , 0.02  ,  0.90532  , 0.90988  , 0.96147  , 0.86357  , 2268.0  ,  23981   , 1019  , 3861  , 21139
rbf  , 0.0225  , 0.0225  ,  0.907  , 0.91106  , 0.95834  , 0.86826  , 2499.0  ,  23880   , 1120  , 3691  , 21309
rbf  , 0.0225  , 0.025  ,  0.90824  , 0.9118  , 0.95432  , 0.87294  , 2777.0  ,  23753   , 1247  , 3503  , 21497
rbf  , 0.025  , 0.01  ,  0.89544  , 0.90212  , 0.96935  , 0.84364  , 1805.0  ,  24204   , 796  , 4665  , 20335
rbf  , 0.025  , 0.0125  ,  0.89888  , 0.90491  , 0.96784  , 0.84971  , 1904.0  ,  24154   , 846  , 4435  , 20565
rbf  , 0.025  , 0.015  ,  0.90232  , 0.90766  , 0.96575  , 0.8562  , 2031.0  ,  24101   , 899  , 4180  , 20820
rbf  , 0.025  , 0.0175  ,  0.9046  , 0.90944  , 0.96364  , 0.86105  , 2188.0  ,  24037   , 963  , 3990  , 21010
rbf  , 0.025  , 0.02  ,  0.90668  , 0.91102  , 0.96091  , 0.86608  , 2364.0  ,  23956   , 1044  , 3783  , 21217
rbf  , 0.025  , 0.0225  ,  0.9072  , 0.91111  , 0.95688  , 0.86955  , 2570.0  ,  23849   , 1151  , 3622  , 21378
rbf  , 0.025  , 0.025  ,  0.9086  , 0.91202  , 0.95334  , 0.87418  , 2837.0  ,  23745   , 1255  , 3463  , 21537

Trojan name: HT1_3 - 4 ==> Best params: nu = 0.025  , gamma = 0.025  , F1_score = 0.91202  


New occurence at: 2021-03-04 23:50:48.551689, Trojan name: HT2_1 - 4 

kernel , nu   , gamma   ,    Accuracy,    F1_score,    Recall,   Precision,   No_Sup_Vec, TP   , FN   , FP   , TN 
rbf  , 0.017  , 0.012  ,  0.84372  , 0.86196  , 0.97373  , 0.77323  , 1472.0  ,  24347   , 653  , 7102  , 17898
rbf  , 0.017  , 0.0145  ,  0.84716  , 0.86439  , 0.97205  , 0.77822  , 1630.0  ,  24282   , 718  , 6864  , 18136
rbf  , 0.017  , 0.017  ,  0.85036  , 0.86653  , 0.96941  , 0.78341  , 1824.0  ,  24197   , 803  , 6619  , 18381
rbf  , 0.017  , 0.0195  ,  0.85192  , 0.8671  , 0.96406  , 0.78788  , 2054.0  ,  24080   , 920  , 6428  , 18572
rbf  , 0.017  , 0.022  ,  0.8548  , 0.86893  , 0.96062  , 0.79322  , 2323.0  ,  23963   , 1037  , 6185  , 18815
rbf  , 0.0195  , 0.012  ,  0.84516  , 0.86282  , 0.97173  , 0.77588  , 1596.0  ,  24287   , 713  , 6992  , 18008
rbf  , 0.0195  , 0.0145  ,  0.84848  , 0.8651  , 0.96949  , 0.78101  , 1734.0  ,  24221   , 779  , 6763  , 18237
rbf  , 0.0195  , 0.017  ,  0.85156  , 0.86717  , 0.96709  , 0.78599  , 1910.0  ,  24155   , 845  , 6526  , 18474
rbf  , 0.0195  , 0.0195  ,  0.85356  , 0.86826  , 0.9631  , 0.79044  , 2119.0  ,  24061   , 939  , 6339  , 18661
rbf  , 0.0195  , 0.022  ,  0.856  , 0.8698  , 0.95998  , 0.79511  , 2372.0  ,  23947   , 1053  , 6124  , 18876
rbf  , 0.022  , 0.012  ,  0.84656  , 0.86364  , 0.96972  , 0.77849  , 1715.0  ,  24235   , 765  , 6883  , 18117
rbf  , 0.022  , 0.0145  ,  0.84952  , 0.86569  , 0.96781  , 0.78308  , 1848.0  ,  24181   , 819  , 6658  , 18342
rbf  , 0.022  , 0.017  ,  0.85248  , 0.86769  , 0.96541  , 0.78794  , 2008.0  ,  24110   , 890  , 6445  , 18555
rbf  , 0.022  , 0.0195  ,  0.8548  , 0.86908  , 0.96183  , 0.79265  , 2197.0  ,  24019   , 981  , 6271  , 18729
rbf  , 0.022  , 0.022  ,  0.85692  , 0.8704  , 0.95902  , 0.79679  , 2430.0  ,  23912   , 1088  , 6057  , 18943
rbf  , 0.0245  , 0.012  ,  0.84784  , 0.8644  , 0.96789  , 0.78092  , 1848.0  ,  24186   , 814  , 6781  , 18219
rbf  , 0.0245  , 0.0145  ,  0.85068  , 0.8664  , 0.96621  , 0.78528  , 1972.0  ,  24126   , 874  , 6557  , 18443
rbf  , 0.0245  , 0.017  ,  0.85312  , 0.86797  , 0.96358  , 0.78963  , 2114.0  ,  24070   , 930  , 6376  , 18624
rbf  , 0.0245  , 0.0195  ,  0.85576  , 0.8697  , 0.96079  , 0.7944  , 2292.0  ,  23988   , 1012  , 6188  , 18812
rbf  , 0.0245  , 0.022  ,  0.85772  , 0.87093  , 0.95814  , 0.79828  , 2507.0  ,  23896   , 1104  , 6001  , 18999
rbf  , 0.027  , 0.012  ,  0.84884  , 0.86498  , 0.9663  , 0.7829  , 1982.0  ,  24141   , 859  , 6679  , 18321
rbf  , 0.027  , 0.0145  ,  0.8512  , 0.8665  , 0.96374  , 0.7871  , 2096.0  ,  24077   , 923  , 6472  , 18528
rbf  , 0.027  , 0.017  ,  0.85444  , 0.86887  , 0.96247  , 0.79187  , 2231.0  ,  24021   , 979  , 6301  , 18699
rbf  , 0.027  , 0.0195  ,  0.85644  , 0.87007  , 0.95935  , 0.796  , 2390.0  ,  23940   , 1060  , 6121  , 18879
rbf  , 0.027  , 0.022  ,  0.85816  , 0.8711  , 0.95662  , 0.79962  , 2594.0  ,  23851   , 1149  , 5945  , 19055
rbf  , 0.0295  , 0.012  ,  0.84904  , 0.86483  , 0.96382  , 0.78429  , 2111.0  ,  24083   , 917  , 6603  , 18397
rbf  , 0.0295  , 0.0145  ,  0.85168  , 0.86658  , 0.96127  , 0.78888  , 2223.0  ,  24035   , 965  , 6403  , 18597
rbf  , 0.0295  , 0.017  ,  0.85484  , 0.86889  , 0.96  , 0.79359  , 2352.0  ,  23967   , 1033  , 6228  , 18772
rbf  , 0.0295  , 0.0195  ,  0.8564  , 0.8697  , 0.95655  , 0.79732  , 2505.0  ,  23895   , 1105  , 6061  , 18939
rbf  , 0.0295  , 0.022  ,  0.85816  , 0.87085  , 0.95455  , 0.80066  , 2698.0  ,  23817   , 1183  , 5898  , 19102

Trojan name: HT2_1 - 4 ==> Best params: nu = 0.027  , gamma = 0.022  , F1_score = 0.8711  


New occurence at: 2021-03-05 00:48:28.474442, Trojan name: HT2_2 - 4 

kernel , nu   , gamma   ,    Accuracy,    F1_score,    Recall,   Precision,   No_Sup_Vec, TP   , FN   , FP   , TN 
rbf  , 0.005  , 0.014  ,  0.94832  , 0.95016  , 0.97614  , 0.92553  , 1328.0  ,  24443   , 557  , 1893  , 23107
rbf  , 0.005  , 0.0165  ,  0.9494  , 0.95095  , 0.97201  , 0.93078  , 1615.0  ,  24331   , 669  , 1749  , 23251
rbf  , 0.005  , 0.019  ,  0.94888  , 0.95024  , 0.96726  , 0.93381  , 1907.0  ,  24191   , 809  , 1641  , 23359
rbf  , 0.005  , 0.0215  ,  0.948  , 0.94913  , 0.96154  , 0.93705  , 2235.0  ,  24060   , 940  , 1554  , 23446
rbf  , 0.005  , 0.024  ,  0.9468  , 0.9477  , 0.95528  , 0.94024  , 2533.0  ,  23903   , 1097  , 1465  , 23535
rbf  , 0.0075  , 0.014  ,  0.94868  , 0.95049  , 0.97614  , 0.92616  , 1335.0  ,  24442   , 558  , 1889  , 23111
rbf  , 0.0075  , 0.0165  ,  0.94948  , 0.95102  , 0.97201  , 0.93093  , 1617.0  ,  24328   , 672  , 1749  , 23251
rbf  , 0.0075  , 0.019  ,  0.94896  , 0.95031  , 0.96726  , 0.93396  , 1910.0  ,  24192   , 808  , 1641  , 23359
rbf  , 0.0075  , 0.0215  ,  0.94804  , 0.94917  , 0.96154  , 0.93712  , 2237.0  ,  24062   , 938  , 1551  , 23449
rbf  , 0.0075  , 0.024  ,  0.94676  , 0.94766  , 0.95528  , 0.94017  , 2537.0  ,  23902   , 1098  , 1467  , 23533
rbf  , 0.01  , 0.014  ,  0.94948  , 0.9512  , 0.97574  , 0.92787  , 1368.0  ,  24428   , 572  , 1876  , 23124
rbf  , 0.01  , 0.0165  ,  0.9496  , 0.95111  , 0.97161  , 0.93146  , 1624.0  ,  24320   , 680  , 1740  , 23260
rbf  , 0.01  , 0.019  ,  0.94896  , 0.95031  , 0.96718  , 0.93402  , 1915.0  ,  24188   , 812  , 1639  , 23361
rbf  , 0.01  , 0.0215  ,  0.94804  , 0.94916  , 0.96139  , 0.93725  , 2239.0  ,  24064   , 936  , 1551  , 23449
rbf  , 0.01  , 0.024  ,  0.94672  , 0.94763  , 0.95528  , 0.9401  , 2539.0  ,  23903   , 1097  , 1467  , 23533
rbf  , 0.0125  , 0.014  ,  0.94944  , 0.95108  , 0.97399  , 0.92922  , 1427.0  ,  24391   , 609  , 1834  , 23166
rbf  , 0.0125  , 0.0165  ,  0.94992  , 0.95139  , 0.97114  , 0.93243  , 1658.0  ,  24293   , 707  , 1719  , 23281
rbf  , 0.0125  , 0.019  ,  0.94908  , 0.9504  , 0.96678  , 0.93457  , 1927.0  ,  24182   , 818  , 1641  , 23359
rbf  , 0.0125  , 0.0215  ,  0.94812  , 0.94923  , 0.96115  , 0.9376  , 2242.0  ,  24062   , 938  , 1548  , 23452
rbf  , 0.0125  , 0.024  ,  0.94684  , 0.94774  , 0.95528  , 0.94032  , 2541.0  ,  23903   , 1097  , 1466  , 23534
rbf  , 0.015  , 0.014  ,  0.9504  , 0.95191  , 0.97288  , 0.93183  , 1519.0  ,  24361   , 639  , 1765  , 23235
rbf  , 0.015  , 0.0165  ,  0.95024  , 0.95162  , 0.97003  , 0.93392  , 1727.0  ,  24266   , 734  , 1683  , 23317
rbf  , 0.015  , 0.019  ,  0.94952  , 0.95077  , 0.96606  , 0.93596  , 1968.0  ,  24162   , 838  , 1626  , 23374
rbf  , 0.015  , 0.0215  ,  0.9484  , 0.94947  , 0.96083  , 0.93838  , 2258.0  ,  24051   , 949  , 1541  , 23459
rbf  , 0.015  , 0.024  ,  0.94688  , 0.94778  , 0.95528  , 0.94039  , 2546.0  ,  23896   , 1104  , 1462  , 23538
rbf  , 0.0175  , 0.014  ,  0.95072  , 0.95214  , 0.97153  , 0.93351  , 1628.0  ,  24317   , 683  , 1711  , 23289
rbf  , 0.0175  , 0.0165  ,  0.95056  , 0.95184  , 0.96844  , 0.93581  , 1806.0  ,  24225   , 775  , 1641  , 23359
rbf  , 0.0175  , 0.019  ,  0.9498  , 0.95099  , 0.96519  , 0.9372  , 2029.0  ,  24140   , 860  , 1580  , 23420
rbf  , 0.0175  , 0.0215  ,  0.94868  , 0.94969  , 0.95996  , 0.93964  , 2296.0  ,  24032   , 968  , 1521  , 23479
rbf  , 0.0175  , 0.024  ,  0.9474  , 0.94825  , 0.95505  , 0.94155  , 2565.0  ,  23891   , 1109  , 1453  , 23547

Trojan name: HT2_2 - 4 ==> Best params: nu = 0.0175  , gamma = 0.014  , F1_score = 0.95214  


New occurence at: 2021-03-05 01:37:50.322426, Trojan name: HT2_3 - 4 

kernel , nu   , gamma   ,    Accuracy,    F1_score,    Recall,   Precision,   No_Sup_Vec, TP   , FN   , FP   , TN 
rbf  , 0.004  , 0.001  ,  0.73904  , 0.79327  , 0.99563  , 0.65934  , 287.0  ,  24903   , 97  , 12950  , 12050
rbf  , 0.004  , 0.0035  ,  0.9386  , 0.94216  , 0.99434  , 0.89519  , 405.0  ,  24844   , 156  , 3046  , 21954
rbf  , 0.004  , 0.006  ,  0.94936  , 0.95168  , 0.99188  , 0.91463  , 564.0  ,  24801   , 199  , 2300  , 22700
rbf  , 0.004  , 0.0085  ,  0.95416  , 0.95592  , 0.98846  , 0.92547  , 770.0  ,  24718   , 282  , 1941  , 23059
rbf  , 0.004  , 0.011  ,  0.95732  , 0.95867  , 0.98425  , 0.93441  , 1012.0  ,  24610   , 390  , 1704  , 23296
rbf  , 0.004  , 0.0135  ,  0.95904  , 0.96015  , 0.98084  , 0.94033  , 1268.0  ,  24483   , 517  , 1529  , 23471
rbf  , 0.0065  , 0.001  ,  0.74548  , 0.79695  , 0.99325  , 0.6655  , 437.0  ,  24833   , 167  , 12545  , 12455
rbf  , 0.0065  , 0.0035  ,  0.945  , 0.94779  , 0.99283  , 0.90667  , 529.0  ,  24796   , 204  , 2635  , 22365
rbf  , 0.0065  , 0.006  ,  0.95156  , 0.95362  , 0.99013  , 0.9197  , 656.0  ,  24761   , 239  , 2192  , 22808
rbf  , 0.0065  , 0.0085  ,  0.95532  , 0.95695  , 0.98735  , 0.92837  , 815.0  ,  24701   , 299  , 1901  , 23099
rbf  , 0.0065  , 0.011  ,  0.9576  , 0.95892  , 0.98394  , 0.93517  , 1029.0  ,  24602   , 398  , 1687  , 23313
rbf  , 0.0065  , 0.0135  ,  0.95924  , 0.96034  , 0.98084  , 0.94069  , 1274.0  ,  24485   , 515  , 1522  , 23478
rbf  , 0.009  , 0.001  ,  0.74944  , 0.79919  , 0.9915  , 0.66942  , 584.0  ,  24771   , 229  , 12339  , 12661
rbf  , 0.009  , 0.0035  ,  0.94744  , 0.94986  , 0.99013  , 0.91273  , 669.0  ,  24738   , 262  , 2402  , 22598
rbf  , 0.009  , 0.006  ,  0.95396  , 0.95573  , 0.98838  , 0.92517  , 769.0  ,  24705   , 295  , 2032  , 22968
rbf  , 0.009  , 0.0085  ,  0.95668  , 0.95812  , 0.98537  , 0.93235  , 906.0  ,  24644   , 356  , 1790  , 23210
rbf  , 0.009  , 0.011  ,  0.95868  , 0.9599  , 0.9833  , 0.93761  , 1080.0  ,  24570   , 430  , 1643  , 23357
rbf  , 0.009  , 0.0135  ,  0.95964  , 0.9607  , 0.98037  , 0.94182  , 1295.0  ,  24480   , 520  , 1499  , 23501
rbf  , 0.0115  , 0.001  ,  0.75276  , 0.801  , 0.98951  , 0.67289  , 730.0  ,  24721   , 279  , 12158  , 12842
rbf  , 0.0115  , 0.0035  ,  0.94916  , 0.95128  , 0.98735  , 0.91777  , 813.0  ,  24672   , 328  , 2233  , 22767
rbf  , 0.0115  , 0.006  ,  0.95652  , 0.95799  , 0.98576  , 0.93174  , 905.0  ,  24641   , 359  , 1853  , 23147
rbf  , 0.0115  , 0.0085  ,  0.95828  , 0.95957  , 0.98434  , 0.93603  , 1014.0  ,  24603   , 397  , 1686  , 23314
rbf  , 0.0115  , 0.011  ,  0.9602  , 0.96129  , 0.98242  , 0.94107  , 1161.0  ,  24532   , 468  , 1581  , 23419
rbf  , 0.0115  , 0.0135  ,  0.96044  , 0.96143  , 0.97989  , 0.94366  , 1349.0  ,  24466   , 534  , 1464  , 23536
rbf  , 0.014  , 0.001  ,  0.75532  , 0.80231  , 0.98736  , 0.67574  , 878.0  ,  24660   , 340  , 11985  , 13015
rbf  , 0.014  , 0.0035  ,  0.95064  , 0.95254  , 0.98528  , 0.92192  , 954.0  ,  24620   , 380  , 2104  , 22896
rbf  , 0.014  , 0.006  ,  0.95808  , 0.95939  , 0.98473  , 0.93533  , 1034.0  ,  24588   , 412  , 1730  , 23270
rbf  , 0.014  , 0.0085  ,  0.96032  , 0.96142  , 0.98298  , 0.94079  , 1141.0  ,  24555   , 445  , 1563  , 23437
rbf  , 0.014  , 0.011  ,  0.96172  , 0.96267  , 0.98131  , 0.94474  , 1272.0  ,  24494   , 506  , 1477  , 23523
rbf  , 0.014  , 0.0135  ,  0.96152  , 0.96241  , 0.97886  , 0.94652  , 1437.0  ,  24426   , 574  , 1405  , 23595
rbf  , 0.0165  , 0.001  ,  0.75712  , 0.80316  , 0.98538  , 0.67789  , 1030.0  ,  24598   , 402  , 11810  , 13190
rbf  , 0.0165  , 0.0035  ,  0.9522  , 0.95388  , 0.98306  , 0.92639  , 1100.0  ,  24564   , 436  , 1985  , 23015
rbf  , 0.0165  , 0.006  ,  0.95964  , 0.96077  , 0.98274  , 0.93976  , 1175.0  ,  24541   , 459  , 1620  , 23380
rbf  , 0.0165  , 0.0085  ,  0.96236  , 0.96329  , 0.9818  , 0.94548  , 1266.0  ,  24495   , 505  , 1455  , 23545
rbf  , 0.0165  , 0.011  ,  0.9628  , 0.96365  , 0.98005  , 0.94781  , 1395.0  ,  24441   , 559  , 1363  , 23637
rbf  , 0.0165  , 0.0135  ,  0.96224  , 0.96303  , 0.9775  , 0.949  , 1544.0  ,  24389   , 611  , 1295  , 23705

Trojan name: HT2_3 - 4 ==> Best params: nu = 0.0165  , gamma = 0.011  , F1_score = 0.96365  


New occurence at: 2021-03-05 02:03:03.635097, Trojan name: HT3_1 - 4 

kernel , nu   , gamma   ,    Accuracy,    F1_score,    Recall,   Precision,   No_Sup_Vec, TP   , FN   , FP   , TN 
rbf  , 0.007  , 0.007  ,  0.8608  , 0.87607  , 0.98787  , 0.78703  , 714.0  ,  24678   , 322  , 6653  , 18347
rbf  , 0.007  , 0.008  ,  0.86364  , 0.87814  , 0.98658  , 0.79122  , 780.0  ,  24651   , 349  , 6514  , 18486
rbf  , 0.007  , 0.009  ,  0.8664  , 0.88021  , 0.98568  , 0.79516  , 854.0  ,  24618   , 382  , 6380  , 18620
rbf  , 0.007  , 0.01  ,  0.86792  , 0.88128  , 0.98448  , 0.7977  , 941.0  ,  24587   , 413  , 6270  , 18730
rbf  , 0.007  , 0.011  ,  0.87024  , 0.88298  , 0.98304  , 0.80143  , 1033.0  ,  24545   , 455  , 6113  , 18887
rbf  , 0.007  , 0.012  ,  0.87152  , 0.88379  , 0.98111  , 0.80407  , 1136.0  ,  24483   , 517  , 5996  , 19004
rbf  , 0.007  , 0.013  ,  0.8728  , 0.88459  , 0.97887  , 0.8069  , 1240.0  ,  24454   , 546  , 5872  , 19128
rbf  , 0.007  , 0.014  ,  0.87388  , 0.88519  , 0.97622  , 0.80971  , 1354.0  ,  24405   , 595  , 5750  , 19250
rbf  , 0.007  , 0.015  ,  0.87516  , 0.88599  , 0.97397  , 0.81261  , 1466.0  ,  24365   , 635  , 5616  , 19384
rbf  , 0.007  , 0.016  ,  0.87708  , 0.88734  , 0.97204  , 0.81624  , 1583.0  ,  24314   , 686  , 5480  , 19520
rbf  , 0.007  , 0.017  ,  0.87764  , 0.88753  , 0.96948  , 0.81839  , 1703.0  ,  24270   , 730  , 5360  , 19640
rbf  , 0.007  , 0.018  ,  0.87932  , 0.88875  , 0.96796  , 0.82156  , 1824.0  ,  24211   , 789  , 5241  , 19759
rbf  , 0.007  , 0.019  ,  0.88088  , 0.88984  , 0.96611  , 0.82477  , 1950.0  ,  24165   , 835  , 5115  , 19885
rbf  , 0.007  , 0.02  ,  0.88172  , 0.89035  , 0.96426  , 0.82699  , 2068.0  ,  24120   , 880  , 5011  , 19989
rbf  , 0.007  , 0.021  ,  0.88248  , 0.89075  , 0.96194  , 0.82939  , 2191.0  ,  24048   , 952  , 4953  , 20047
rbf  , 0.007  , 0.022  ,  0.8826  , 0.89061  , 0.95961  , 0.8309  , 2314.0  ,  23982   , 1018  , 4884  , 20116
rbf  , 0.007  , 0.023  ,  0.88304  , 0.89077  , 0.95752  , 0.83274  , 2458.0  ,  23928   , 1072  , 4787  , 20213
rbf  , 0.008  , 0.007  ,  0.86352  , 0.8781  , 0.98698  , 0.79088  , 762.0  ,  24656   , 344  , 6478  , 18522
rbf  , 0.008  , 0.008  ,  0.86632  , 0.88016  , 0.98577  , 0.79503  , 818.0  ,  24636   , 364  , 6349  , 18651
rbf  , 0.008  , 0.009  ,  0.86872  , 0.882  , 0.9852  , 0.79839  , 889.0  ,  24608   , 392  , 6220  , 18780
rbf  , 0.008  , 0.01  ,  0.8704  , 0.88319  , 0.98384  , 0.80124  , 962.0  ,  24575   , 425  , 6096  , 18904
rbf  , 0.008  , 0.011  ,  0.8714  , 0.88382  , 0.98231  , 0.80331  , 1048.0  ,  24533   , 467  , 6005  , 18995
rbf  , 0.008  , 0.012  ,  0.87324  , 0.88515  , 0.98087  , 0.80647  , 1147.0  ,  24484   , 516  , 5905  , 19095
rbf  , 0.008  , 0.013  ,  0.87436  , 0.88581  , 0.97855  , 0.80915  , 1247.0  ,  24447   , 553  , 5814  , 19186
rbf  , 0.008  , 0.014  ,  0.87524  , 0.88627  , 0.97606  , 0.81163  , 1358.0  ,  24405   , 595  , 5692  , 19308
rbf  , 0.008  , 0.015  ,  0.87628  , 0.88693  , 0.9743  , 0.81397  , 1468.0  ,  24363   , 637  , 5573  , 19427
rbf  , 0.008  , 0.016  ,  0.87764  , 0.88781  , 0.97212  , 0.81697  , 1584.0  ,  24313   , 687  , 5454  , 19546
rbf  , 0.008  , 0.017  ,  0.878  , 0.88783  , 0.96956  , 0.81885  , 1703.0  ,  24268   , 732  , 5329  , 19671
rbf  , 0.008  , 0.018  ,  0.87916  , 0.88863  , 0.96803  , 0.82129  , 1824.0  ,  24210   , 790  , 5239  , 19761
rbf  , 0.008  , 0.019  ,  0.88076  , 0.88974  , 0.96611  , 0.8246  , 1952.0  ,  24164   , 836  , 5110  , 19890
rbf  , 0.008  , 0.02  ,  0.8818  , 0.89042  , 0.96426  , 0.82711  , 2068.0  ,  24121   , 879  , 5021  , 19979
rbf  , 0.008  , 0.021  ,  0.88236  , 0.89065  , 0.96194  , 0.82922  , 2194.0  ,  24049   , 951  , 4965  , 20035
rbf  , 0.008  , 0.022  ,  0.88244  , 0.89047  , 0.95952  , 0.83071  , 2315.0  ,  23982   , 1018  , 4871  , 20129
rbf  , 0.008  , 0.023  ,  0.88276  , 0.89054  , 0.95761  , 0.83229  , 2459.0  ,  23929   , 1071  , 4800  , 20200
rbf  , 0.009  , 0.007  ,  0.86568  , 0.87973  , 0.98641  , 0.7939  , 811.0  ,  24639   , 361  , 6353  , 18647
rbf  , 0.009  , 0.008  ,  0.86824  , 0.88161  , 0.98521  , 0.79777  , 867.0  ,  24614   , 386  , 6229  , 18771
rbf  , 0.009  , 0.009  ,  0.87008  , 0.88297  , 0.98416  , 0.80067  , 929.0  ,  24595   , 405  , 6103  , 18897
rbf  , 0.009  , 0.01  ,  0.87164  , 0.88412  , 0.98336  , 0.80311  , 998.0  ,  24560   , 440  , 5991  , 19009
rbf  , 0.009  , 0.011  ,  0.87324  , 0.88522  , 0.98159  , 0.80611  , 1078.0  ,  24523   , 477  , 5896  , 19104
rbf  , 0.009  , 0.012  ,  0.87476  , 0.88631  , 0.98031  , 0.80879  , 1167.0  ,  24480   , 520  , 5800  , 19200
rbf  , 0.009  , 0.013  ,  0.87572  , 0.88692  , 0.97863  , 0.81094  , 1258.0  ,  24442   , 558  , 5718  , 19282
rbf  , 0.009  , 0.014  ,  0.87636  , 0.88719  , 0.97623  , 0.81307  , 1368.0  ,  24407   , 593  , 5622  , 19378
rbf  , 0.009  , 0.015  ,  0.87724  , 0.8877  , 0.97421  , 0.81532  , 1475.0  ,  24361   , 639  , 5519  , 19481
rbf  , 0.009  , 0.016  ,  0.87796  , 0.88805  , 0.97204  , 0.81746  , 1589.0  ,  24311   , 689  , 5406  , 19594
rbf  , 0.009  , 0.017  ,  0.87884  , 0.88854  , 0.96972  , 0.81993  , 1705.0  ,  24270   , 730  , 5290  , 19710
rbf  , 0.009  , 0.018  ,  0.88  , 0.8893  , 0.96795  , 0.82251  , 1826.0  ,  24213   , 787  , 5211  , 19789
rbf  , 0.009  , 0.019  ,  0.88104  , 0.88997  , 0.96611  , 0.82499  , 1952.0  ,  24162   , 838  , 5108  , 19892
rbf  , 0.009  , 0.02  ,  0.88212  , 0.89068  , 0.96426  , 0.82756  , 2069.0  ,  24121   , 879  , 5010  , 19990
rbf  , 0.009  , 0.021  ,  0.88224  , 0.89055  , 0.96194  , 0.82905  , 2193.0  ,  24049   , 951  , 4964  , 20036
rbf  , 0.009  , 0.022  ,  0.88276  , 0.89074  , 0.95952  , 0.83118  , 2316.0  ,  23982   , 1018  , 4879  , 20121
rbf  , 0.009  , 0.023  ,  0.88308  , 0.89081  , 0.95761  , 0.83275  , 2459.0  ,  23928   , 1072  , 4790  , 20210
rbf  , 0.01  , 0.007  ,  0.86768  , 0.88121  , 0.98553  , 0.7969  , 862.0  ,  24609   , 391  , 6251  , 18749
rbf  , 0.01  , 0.008  ,  0.87036  , 0.88323  , 0.98456  , 0.80084  , 919.0  ,  24588   , 412  , 6124  , 18876
rbf  , 0.01  , 0.009  ,  0.87184  , 0.8843  , 0.98352  , 0.8033  , 973.0  ,  24565   , 435  , 6009  , 18991
rbf  , 0.01  , 0.01  ,  0.87336  , 0.88542  , 0.98263  , 0.80574  , 1038.0  ,  24537   , 463  , 5908  , 19092
rbf  , 0.01  , 0.011  ,  0.8748  , 0.8864  , 0.98087  , 0.80855  , 1110.0  ,  24510   , 490  , 5805  , 19195
rbf  , 0.01  , 0.012  ,  0.87604  , 0.88726  , 0.9795  , 0.81092  , 1195.0  ,  24474   , 526  , 5725  , 19275
rbf  , 0.01  , 0.013  ,  0.87708  , 0.88799  , 0.97838  , 0.81291  , 1278.0  ,  24436   , 564  , 5640  , 19360
rbf  , 0.01  , 0.014  ,  0.87736  , 0.88797  , 0.97591  , 0.8146  , 1381.0  ,  24396   , 604  , 5540  , 19460
rbf  , 0.01  , 0.015  ,  0.87808  , 0.88836  , 0.97398  , 0.8166  , 1485.0  ,  24354   , 646  , 5444  , 19556
rbf  , 0.01  , 0.016  ,  0.87908  , 0.88896  , 0.97196  , 0.81905  , 1595.0  ,  24308   , 692  , 5341  , 19659
rbf  , 0.01  , 0.017  ,  0.87952  , 0.88908  , 0.96956  , 0.82097  , 1709.0  ,  24267   , 733  , 5248  , 19752
rbf  , 0.01  , 0.018  ,  0.8808  , 0.88997  , 0.96803  , 0.82359  , 1829.0  ,  24212   , 788  , 5165  , 19835
rbf  , 0.01  , 0.019  ,  0.88152  , 0.89037  , 0.96619  , 0.82563  , 1954.0  ,  24160   , 840  , 5076  , 19924
rbf  , 0.01  , 0.02  ,  0.88228  , 0.89081  , 0.96418  , 0.82784  , 2073.0  ,  24119   , 881  , 4997  , 20003
rbf  , 0.01  , 0.021  ,  0.88252  , 0.89078  , 0.96194  , 0.82945  , 2195.0  ,  24048   , 952  , 4943  , 20057
rbf  , 0.01  , 0.022  ,  0.8828  , 0.89077  , 0.95952  , 0.83123  , 2317.0  ,  23981   , 1019  , 4868  , 20132
rbf  , 0.01  , 0.023  ,  0.8828  , 0.89057  , 0.95752  , 0.83239  , 2461.0  ,  23928   , 1072  , 4789  , 20211
rbf  , 0.011  , 0.007  ,  0.86896  , 0.88208  , 0.98424  , 0.79918  , 914.0  ,  24589   , 411  , 6158  , 18842
rbf  , 0.011  , 0.008  ,  0.87116  , 0.88374  , 0.98336  , 0.80249  , 966.0  ,  24568   , 432  , 6036  , 18964
rbf  , 0.011  , 0.009  ,  0.87292  , 0.88507  , 0.98264  , 0.80517  , 1020.0  ,  24541   , 459  , 5923  , 19077
rbf  , 0.011  , 0.01  ,  0.87456  , 0.8863  , 0.98175  , 0.80779  , 1079.0  ,  24516   , 484  , 5821  , 19179
rbf  , 0.011  , 0.011  ,  0.87616  , 0.88746  , 0.98056  , 0.81055  , 1147.0  ,  24489   , 511  , 5730  , 19270
rbf  , 0.011  , 0.012  ,  0.87688  , 0.8879  , 0.97911  , 0.81226  , 1225.0  ,  24458   , 542  , 5652  , 19348
rbf  , 0.011  , 0.013  ,  0.87788  , 0.8886  , 0.97798  , 0.81421  , 1307.0  ,  24424   , 576  , 5568  , 19432
rbf  , 0.011  , 0.014  ,  0.87832  , 0.8887  , 0.97543  , 0.81617  , 1400.0  ,  24382   , 618  , 5474  , 19526
rbf  , 0.011  , 0.015  ,  0.87884  , 0.88894  , 0.97366  , 0.81783  , 1496.0  ,  24345   , 655  , 5380  , 19620
rbf  , 0.011  , 0.016  ,  0.87968  , 0.88946  , 0.97204  , 0.81984  , 1607.0  ,  24299   , 701  , 5292  , 19708
rbf  , 0.011  , 0.017  ,  0.88012  , 0.88958  , 0.96964  , 0.82176  , 1717.0  ,  24259   , 741  , 5196  , 19804
rbf  , 0.011  , 0.018  ,  0.881  , 0.89013  , 0.96796  , 0.82391  , 1831.0  ,  24209   , 791  , 5130  , 19870
rbf  , 0.011  , 0.019  ,  0.88156  , 0.8904  , 0.96611  , 0.82573  , 1957.0  ,  24158   , 842  , 5050  , 19950
rbf  , 0.011  , 0.02  ,  0.88236  , 0.89087  , 0.96418  , 0.82794  , 2076.0  ,  24114   , 886  , 4977  , 20023
rbf  , 0.011  , 0.021  ,  0.8828  , 0.891  , 0.96186  , 0.8299  , 2200.0  ,  24047   , 953  , 4929  , 20071
rbf  , 0.011  , 0.022  ,  0.8832  , 0.8911  , 0.95952  , 0.83181  , 2318.0  ,  23980   , 1020  , 4851  , 20149
rbf  , 0.011  , 0.023  ,  0.88308  , 0.8908  , 0.95752  , 0.8328  , 2461.0  ,  23928   , 1072  , 4784  , 20216
rbf  , 0.012  , 0.007  ,  0.87016  , 0.88292  , 0.98311  , 0.80129  , 975.0  ,  24561   , 439  , 6084  , 18916
rbf  , 0.012  , 0.008  ,  0.87184  , 0.88417  , 0.98223  , 0.80394  , 1019.0  ,  24543   , 457  , 5947  , 19053
rbf  , 0.012  , 0.009  ,  0.87404  , 0.88587  , 0.9816  , 0.80718  , 1068.0  ,  24514   , 486  , 5858  , 19142
rbf  , 0.012  , 0.01  ,  0.87552  , 0.88697  , 0.9808  , 0.80956  , 1124.0  ,  24494   , 506  , 5757  , 19243
rbf  , 0.012  , 0.011  ,  0.87712  , 0.88818  , 0.98  , 0.81213  , 1189.0  ,  24475   , 525  , 5648  , 19352
rbf  , 0.012  , 0.012  ,  0.8778  , 0.88861  , 0.97871  , 0.81372  , 1263.0  ,  24442   , 558  , 5583  , 19417
rbf  , 0.012  , 0.013  ,  0.8784  , 0.88895  , 0.97727  , 0.8153  , 1340.0  ,  24403   , 597  , 5493  , 19507
rbf  , 0.012  , 0.014  ,  0.87912  , 0.88932  , 0.97511  , 0.81744  , 1426.0  ,  24374   , 626  , 5408  , 19592
rbf  , 0.012  , 0.015  ,  0.87968  , 0.88957  , 0.97309  , 0.81928  , 1517.0  ,  24340   , 660  , 5327  , 19673
rbf  , 0.012  , 0.016  ,  0.8802  , 0.88983  , 0.97148  , 0.82087  , 1622.0  ,  24291   , 709  , 5243  , 19757
rbf  , 0.012  , 0.017  ,  0.88096  , 0.89025  , 0.96955  , 0.82298  , 1727.0  ,  24254   , 746  , 5155  , 19845
rbf  , 0.012  , 0.018  ,  0.8812  , 0.89028  , 0.96779  , 0.82428  , 1839.0  ,  24202   , 798  , 5099  , 19901
rbf  , 0.012  , 0.019  ,  0.8822  , 0.89091  , 0.96595  , 0.82672  , 1962.0  ,  24151   , 849  , 5021  , 19979
rbf  , 0.012  , 0.02  ,  0.88276  , 0.8912  , 0.96418  , 0.82852  , 2080.0  ,  24113   , 887  , 4958  , 20042
rbf  , 0.012  , 0.021  ,  0.883  , 0.89116  , 0.96178  , 0.83023  , 2204.0  ,  24048   , 952  , 4909  , 20091
rbf  , 0.012  , 0.022  ,  0.88348  , 0.89133  , 0.95952  , 0.83221  , 2319.0  ,  23979   , 1021  , 4846  , 20154
rbf  , 0.012  , 0.023  ,  0.88312  , 0.89082  , 0.95744  , 0.8329  , 2463.0  ,  23928   , 1072  , 4773  , 20227
rbf  , 0.013  , 0.007  ,  0.87032  , 0.88287  , 0.98136  , 0.80238  , 1028.0  ,  24538   , 462  , 6008  , 18992
rbf  , 0.013  , 0.008  ,  0.8734  , 0.88531  , 0.9812  , 0.80653  , 1070.0  ,  24517   , 483  , 5887  , 19113
rbf  , 0.013  , 0.009  ,  0.87464  , 0.88625  , 0.98064  , 0.80847  , 1114.0  ,  24494   , 506  , 5797  , 19203
rbf  , 0.013  , 0.01  ,  0.8762  , 0.88744  , 0.98  , 0.81089  , 1169.0  ,  24473   , 527  , 5689  , 19311
rbf  , 0.013  , 0.011  ,  0.87764  , 0.88851  , 0.97904  , 0.81334  , 1233.0  ,  24447   , 553  , 5602  , 19398
rbf  , 0.013  , 0.012  ,  0.87848  , 0.88902  , 0.97743  , 0.81532  , 1305.0  ,  24421   , 579  , 5519  , 19481
rbf  , 0.013  , 0.013  ,  0.87944  , 0.88975  , 0.97687  , 0.81693  , 1376.0  ,  24391   , 609  , 5435  , 19565
rbf  , 0.013  , 0.014  ,  0.8798  , 0.88982  , 0.97462  , 0.81863  , 1460.0  ,  24357   , 643  , 5358  , 19642
rbf  , 0.013  , 0.015  ,  0.8804  , 0.89013  , 0.97285  , 0.82041  , 1542.0  ,  24327   , 673  , 5280  , 19720
rbf  , 0.013  , 0.016  ,  0.88084  , 0.8903  , 0.97092  , 0.82207  , 1646.0  ,  24283   , 717  , 5203  , 19797
rbf  , 0.013  , 0.017  ,  0.8812  , 0.89042  , 0.96923  , 0.82349  , 1744.0  ,  24246   , 754  , 5128  , 19872
rbf  , 0.013  , 0.018  ,  0.88188  , 0.89082  , 0.96763  , 0.82534  , 1852.0  ,  24195   , 805  , 5076  , 19924
rbf  , 0.013  , 0.019  ,  0.88272  , 0.89134  , 0.96595  , 0.82746  , 1972.0  ,  24147   , 853  , 5003  , 19997
rbf  , 0.013  , 0.02  ,  0.8834  , 0.89173  , 0.96418  , 0.82943  , 2086.0  ,  24109   , 891  , 4947  , 20053
rbf  , 0.013  , 0.021  ,  0.88332  , 0.89142  , 0.9617  , 0.83074  , 2207.0  ,  24044   , 956  , 4898  , 20102
rbf  , 0.013  , 0.022  ,  0.88344  , 0.89129  , 0.95945  , 0.8322  , 2322.0  ,  23979   , 1021  , 4829  , 20171
rbf  , 0.013  , 0.023  ,  0.88348  , 0.89111  , 0.95736  , 0.83347  , 2465.0  ,  23926   , 1074  , 4762  , 20238
rbf  , 0.014  , 0.007  ,  0.87144  , 0.88365  , 0.98032  , 0.80437  , 1077.0  ,  24512   , 488  , 5939  , 19061
rbf  , 0.014  , 0.008  ,  0.8742  , 0.88587  , 0.98033  , 0.80805  , 1116.0  ,  24500   , 500  , 5805  , 19195
rbf  , 0.014  , 0.009  ,  0.87528  , 0.88664  , 0.97936  , 0.80999  , 1165.0  ,  24476   , 524  , 5727  , 19273
rbf  , 0.014  , 0.01  ,  0.87748  , 0.88842  , 0.97944  , 0.81291  , 1215.0  ,  24457   , 543  , 5632  , 19368
rbf  , 0.014  , 0.011  ,  0.87888  , 0.88946  , 0.97855  , 0.81528  , 1278.0  ,  24432   , 568  , 5544  , 19456
rbf  , 0.014  , 0.012  ,  0.87936  , 0.88969  , 0.97695  , 0.81678  , 1345.0  ,  24398   , 602  , 5461  , 19539
rbf  , 0.014  , 0.013  ,  0.88004  , 0.89016  , 0.97607  , 0.81819  , 1415.0  ,  24373   , 627  , 5388  , 19612
rbf  , 0.014  , 0.014  ,  0.88072  , 0.89053  , 0.97422  , 0.82012  , 1494.0  ,  24347   , 653  , 5321  , 19679
rbf  , 0.014  , 0.015  ,  0.88104  , 0.89065  , 0.97277  , 0.82135  , 1572.0  ,  24313   , 687  , 5239  , 19761
rbf  , 0.014  , 0.016  ,  0.88128  , 0.89062  , 0.97052  , 0.82291  , 1671.0  ,  24278   , 722  , 5169  , 19831
rbf  , 0.014  , 0.017  ,  0.88188  , 0.89095  , 0.96892  , 0.82463  , 1762.0  ,  24239   , 761  , 5106  , 19894
rbf  , 0.014  , 0.018  ,  0.8824  , 0.89123  , 0.9674  , 0.82621  , 1867.0  ,  24186   , 814  , 5048  , 19952
rbf  , 0.014  , 0.019  ,  0.88324  , 0.89177  , 0.96587  , 0.82825  , 1985.0  ,  24145   , 855  , 4977  , 20023
rbf  , 0.014  , 0.02  ,  0.8836  , 0.89189  , 0.9641  , 0.82977  , 2097.0  ,  24105   , 895  , 4931  , 20069
rbf  , 0.014  , 0.021  ,  0.88352  , 0.89157  , 0.96162  , 0.83107  , 2216.0  ,  24043   , 957  , 4875  , 20125
rbf  , 0.014  , 0.022  ,  0.88408  , 0.89183  , 0.95945  , 0.83313  , 2326.0  ,  23983   , 1017  , 4804  , 20196
rbf  , 0.014  , 0.023  ,  0.8838  , 0.89139  , 0.95744  , 0.8339  , 2467.0  ,  23925   , 1075  , 4744  , 20256
rbf  , 0.015  , 0.007  ,  0.87228  , 0.88427  , 0.97976  , 0.80577  , 1133.0  ,  24488   , 512  , 5874  , 19126
rbf  , 0.015  , 0.008  ,  0.8746  , 0.88609  , 0.97944  , 0.80903  , 1173.0  ,  24473   , 527  , 5745  , 19255
rbf  , 0.015  , 0.009  ,  0.87624  , 0.88735  , 0.97887  , 0.81152  , 1218.0  ,  24455   , 545  , 5664  , 19336
rbf  , 0.015  , 0.01  ,  0.87828  , 0.88896  , 0.97848  , 0.8145  , 1260.0  ,  24436   , 564  , 5564  , 19436
rbf  , 0.015  , 0.011  ,  0.8792  , 0.8896  , 0.97743  , 0.8163  , 1319.0  ,  24411   , 589  , 5479  , 19521
rbf  , 0.015  , 0.012  ,  0.8796  , 0.88976  , 0.97574  , 0.81774  , 1389.0  ,  24391   , 609  , 5414  , 19586
rbf  , 0.015  , 0.013  ,  0.88076  , 0.89064  , 0.97502  , 0.81974  , 1455.0  ,  24355   , 645  , 5327  , 19673
rbf  , 0.015  , 0.014  ,  0.88108  , 0.89075  , 0.97349  , 0.82101  , 1529.0  ,  24335   , 665  , 5270  , 19730
rbf  , 0.015  , 0.015  ,  0.8816  , 0.89105  , 0.9722  , 0.82243  , 1604.0  ,  24304   , 696  , 5188  , 19812
rbf  , 0.015  , 0.016  ,  0.88152  , 0.89074  , 0.96972  , 0.82369  , 1696.0  ,  24263   , 737  , 5140  , 19860
rbf  , 0.015  , 0.017  ,  0.88224  , 0.8912  , 0.96852  , 0.82535  , 1789.0  ,  24226   , 774  , 5073  , 19927
rbf  , 0.015  , 0.018  ,  0.88292  , 0.89165  , 0.96732  , 0.82699  , 1893.0  ,  24176   , 824  , 5026  , 19974
rbf  , 0.015  , 0.019  ,  0.88352  , 0.89196  , 0.96547  , 0.82888  , 1999.0  ,  24144   , 856  , 4953  , 20047
rbf  , 0.015  , 0.02  ,  0.8838  , 0.89201  , 0.9637  , 0.83028  , 2110.0  ,  24102   , 898  , 4900  , 20100
rbf  , 0.015  , 0.021  ,  0.88404  , 0.892  , 0.96154  , 0.83187  , 2224.0  ,  24040   , 960  , 4850  , 20150
rbf  , 0.015  , 0.022  ,  0.88396  , 0.8917  , 0.95921  , 0.83309  , 2330.0  ,  23977   , 1023  , 4794  , 20206
rbf  , 0.015  , 0.023  ,  0.884  , 0.89158  , 0.95761  , 0.83409  , 2469.0  ,  23923   , 1077  , 4727  , 20273
rbf  , 0.016  , 0.007  ,  0.87344  , 0.88513  , 0.97912  , 0.80764  , 1186.0  ,  24471   , 529  , 5823  , 19177
rbf  , 0.016  , 0.008  ,  0.87588  , 0.8871  , 0.9792  , 0.81087  , 1227.0  ,  24448   , 552  , 5695  , 19305
rbf  , 0.016  , 0.009  ,  0.87668  , 0.88762  , 0.97799  , 0.81258  , 1269.0  ,  24430   , 570  , 5618  , 19382
rbf  , 0.016  , 0.01  ,  0.87892  , 0.88944  , 0.97807  , 0.81558  , 1314.0  ,  24418   , 582  , 5513  , 19487
rbf  , 0.016  , 0.011  ,  0.87984  , 0.89006  , 0.97678  , 0.81751  , 1368.0  ,  24402   , 598  , 5431  , 19569
rbf  , 0.016  , 0.012  ,  0.88028  , 0.89025  , 0.9751  , 0.81902  , 1435.0  ,  24378   , 622  , 5359  , 19641
rbf  , 0.016  , 0.013  ,  0.88096  , 0.89069  , 0.97389  , 0.82061  , 1498.0  ,  24350   , 650  , 5287  , 19713
rbf  , 0.016  , 0.014  ,  0.88164  , 0.89111  , 0.97252  , 0.8223  , 1568.0  ,  24319   , 681  , 5214  , 19786
rbf  , 0.016  , 0.015  ,  0.88192  , 0.89122  , 0.97124  , 0.8234  , 1639.0  ,  24288   , 712  , 5150  , 19850
rbf  , 0.016  , 0.016  ,  0.88192  , 0.89101  , 0.96916  , 0.82456  , 1728.0  ,  24243   , 757  , 5092  , 19908
rbf  , 0.016  , 0.017  ,  0.88236  , 0.89123  , 0.96779  , 0.82593  , 1818.0  ,  24218   , 782  , 5037  , 19963
rbf  , 0.016  , 0.018  ,  0.88316  , 0.89181  , 0.96692  , 0.82756  , 1915.0  ,  24173   , 827  , 4994  , 20006
rbf  , 0.016  , 0.019  ,  0.88392  , 0.8923  , 0.96555  , 0.8294  , 2021.0  ,  24136   , 864  , 4927  , 20073
rbf  , 0.016  , 0.02  ,  0.884  , 0.89215  , 0.96338  , 0.83075  , 2126.0  ,  24092   , 908  , 4876  , 20124
rbf  , 0.016  , 0.021  ,  0.8842  , 0.89209  , 0.96113  , 0.83233  , 2235.0  ,  24034   , 966  , 4831  , 20169
rbf  , 0.016  , 0.022  ,  0.88424  , 0.89193  , 0.95913  , 0.83355  , 2340.0  ,  23975   , 1025  , 4768  , 20232
rbf  , 0.016  , 0.023  ,  0.88428  , 0.89179  , 0.95745  , 0.8346  , 2477.0  ,  23921   , 1079  , 4708  , 20292
rbf  , 0.017  , 0.007  ,  0.87416  , 0.88562  , 0.97824  , 0.80905  , 1238.0  ,  24440   , 560  , 5778  , 19222
rbf  , 0.017  , 0.008  ,  0.87632  , 0.88734  , 0.97808  , 0.81205  , 1278.0  ,  24433   , 567  , 5649  , 19351
rbf  , 0.017  , 0.009  ,  0.8774  , 0.88809  , 0.97694  , 0.81409  , 1326.0  ,  24406   , 594  , 5564  , 19436
rbf  , 0.017  , 0.01  ,  0.87924  , 0.88955  , 0.97662  , 0.81678  , 1370.0  ,  24392   , 608  , 5454  , 19546
rbf  , 0.017  , 0.011  ,  0.88016  , 0.89019  , 0.97542  , 0.81868  , 1415.0  ,  24375   , 625  , 5377  , 19623
rbf  , 0.017  , 0.012  ,  0.88048  , 0.89033  , 0.97414  , 0.81982  , 1479.0  ,  24356   , 644  , 5317  , 19683
rbf  , 0.017  , 0.013  ,  0.88112  , 0.89071  , 0.97277  , 0.82145  , 1542.0  ,  24327   , 673  , 5247  , 19753
rbf  , 0.017  , 0.014  ,  0.88224  , 0.89156  , 0.97212  , 0.82336  , 1611.0  ,  24298   , 702  , 5182  , 19818
rbf  , 0.017  , 0.015  ,  0.88256  , 0.89168  , 0.9706  , 0.82465  , 1683.0  ,  24269   , 731  , 5123  , 19877
rbf  , 0.017  , 0.016  ,  0.88264  , 0.89155  , 0.96867  , 0.82584  , 1759.0  ,  24226   , 774  , 5064  , 19936
rbf  , 0.017  , 0.017  ,  0.88288  , 0.89166  , 0.96772  , 0.82671  , 1849.0  ,  24205   , 795  , 5010  , 19990
rbf  , 0.017  , 0.018  ,  0.8834  , 0.89197  , 0.9666  , 0.82808  , 1945.0  ,  24164   , 836  , 4968  , 20032
rbf  , 0.017  , 0.019  ,  0.88384  , 0.89216  , 0.96482  , 0.8297  , 2041.0  ,  24125   , 875  , 4901  , 20099
rbf  , 0.017  , 0.02  ,  0.88396  , 0.89206  , 0.96282  , 0.83101  , 2140.0  ,  24079   , 921  , 4855  , 20145
rbf  , 0.017  , 0.021  ,  0.88432  , 0.89215  , 0.96073  , 0.83274  , 2251.0  ,  24024   , 976  , 4806  , 20194
rbf  , 0.017  , 0.022  ,  0.8842  , 0.89185  , 0.95873  , 0.83373  , 2355.0  ,  23972   , 1028  , 4752  , 20248
rbf  , 0.017  , 0.023  ,  0.88432  , 0.89182  , 0.95737  , 0.8347  , 2485.0  ,  23917   , 1083  , 4692  , 20308
rbf  , 0.018  , 0.007  ,  0.87464  , 0.8859  , 0.9772  , 0.81024  , 1296.0  ,  24425   , 575  , 5705  , 19295
rbf  , 0.018  , 0.008  ,  0.8766  , 0.88747  , 0.97711  , 0.81293  , 1330.0  ,  24401   , 599  , 5599  , 19401
rbf  , 0.018  , 0.009  ,  0.8782  , 0.88868  , 0.9763  , 0.81552  , 1382.0  ,  24387   , 613  , 5511  , 19489
rbf  , 0.018  , 0.01  ,  0.87948  , 0.88963  , 0.97534  , 0.8178  , 1425.0  ,  24373   , 627  , 5413  , 19587
rbf  , 0.018  , 0.011  ,  0.88056  , 0.89043  , 0.97461  , 0.81967  , 1474.0  ,  24355   , 645  , 5332  , 19668
rbf  , 0.018  , 0.012  ,  0.88084  , 0.89053  , 0.97325  , 0.82079  , 1527.0  ,  24335   , 665  , 5272  , 19728
rbf  , 0.018  , 0.013  ,  0.88144  , 0.8909  , 0.97204  , 0.82229  , 1582.0  ,  24307   , 693  , 5217  , 19783
rbf  , 0.018  , 0.014  ,  0.8822  , 0.89144  , 0.97124  , 0.82379  , 1656.0  ,  24285   , 715  , 5149  , 19851
rbf  , 0.018  , 0.015  ,  0.88264  , 0.8917  , 0.97012  , 0.82504  , 1725.0  ,  24251   , 749  , 5095  , 19905
rbf  , 0.018  , 0.016  ,  0.88312  , 0.89194  , 0.9686  , 0.82656  , 1798.0  ,  24213   , 787  , 5040  , 19960
rbf  , 0.018  , 0.017  ,  0.8832  , 0.89185  , 0.96707  , 0.82752  , 1887.0  ,  24184   , 816  , 4984  , 20016
rbf  , 0.018  , 0.018  ,  0.88344  , 0.89191  , 0.96571  , 0.82863  , 1976.0  ,  24146   , 854  , 4932  , 20068
rbf  , 0.018  , 0.019  ,  0.88396  , 0.89219  , 0.96418  , 0.83023  , 2068.0  ,  24105   , 895  , 4879  , 20121
rbf  , 0.018  , 0.02  ,  0.88412  , 0.89216  , 0.9625  , 0.83143  , 2161.0  ,  24075   , 925  , 4841  , 20159
rbf  , 0.018  , 0.021  ,  0.88452  , 0.89231  , 0.96065  , 0.83308  , 2267.0  ,  24016   , 984  , 4790  , 20210
rbf  , 0.018  , 0.022  ,  0.88424  , 0.89187  , 0.95849  , 0.83393  , 2374.0  ,  23963   , 1037  , 4737  , 20263
rbf  , 0.018  , 0.023  ,  0.88484  , 0.89225  , 0.95736  , 0.83546  , 2498.0  ,  23914   , 1086  , 4670  , 20330
rbf  , 0.019  , 0.007  ,  0.87504  , 0.88615  , 0.97648  , 0.81115  , 1353.0  ,  24399   , 601  , 5650  , 19350
rbf  , 0.019  , 0.008  ,  0.87712  , 0.88779  , 0.97615  , 0.81413  , 1393.0  ,  24384   , 616  , 5552  , 19448
rbf  , 0.019  , 0.009  ,  0.87876  , 0.88907  , 0.97566  , 0.81663  , 1435.0  ,  24362   , 638  , 5464  , 19536
rbf  , 0.019  , 0.01  ,  0.88012  , 0.89011  , 0.97494  , 0.81889  , 1480.0  ,  24357   , 643  , 5372  , 19628
rbf  , 0.019  , 0.011  ,  0.8808  , 0.89056  , 0.97389  , 0.82039  , 1528.0  ,  24339   , 661  , 5306  , 19694
rbf  , 0.019  , 0.012  ,  0.88124  , 0.89079  , 0.97261  , 0.8217  , 1577.0  ,  24314   , 686  , 5234  , 19766
rbf  , 0.019  , 0.013  ,  0.88152  , 0.89091  , 0.97148  , 0.8227  , 1634.0  ,  24283   , 717  , 5177  , 19823
rbf  , 0.019  , 0.014  ,  0.8822  , 0.89135  , 0.97028  , 0.82432  , 1702.0  ,  24263   , 737  , 5122  , 19878
rbf  , 0.019  , 0.015  ,  0.88288  , 0.89181  , 0.96924  , 0.82586  , 1770.0  ,  24231   , 769  , 5064  , 19936
rbf  , 0.019  , 0.016  ,  0.8832  , 0.89194  , 0.96795  , 0.82703  , 1848.0  ,  24193   , 807  , 5016  , 19984
rbf  , 0.019  , 0.017  ,  0.8834  , 0.89197  , 0.96659  , 0.82808  , 1925.0  ,  24166   , 834  , 4971  , 20029
rbf  , 0.019  , 0.018  ,  0.8836  , 0.89197  , 0.96499  , 0.82927  , 2008.0  ,  24132   , 868  , 4926  , 20074
rbf  , 0.019  , 0.019  ,  0.8842  , 0.89235  , 0.96378  , 0.83081  , 2097.0  ,  24091   , 909  , 4862  , 20138
rbf  , 0.019  , 0.02  ,  0.88448  , 0.89243  , 0.96218  , 0.83214  , 2186.0  ,  24051   , 949  , 4820  , 20180
rbf  , 0.019  , 0.021  ,  0.88472  , 0.89246  , 0.96049  , 0.83346  , 2289.0  ,  24002   , 998  , 4775  , 20225
rbf  , 0.019  , 0.022  ,  0.88448  , 0.89207  , 0.95849  , 0.83428  , 2394.0  ,  23953   , 1047  , 4713  , 20287
rbf  , 0.019  , 0.023  ,  0.88516  , 0.89249  , 0.95704  , 0.83612  , 2511.0  ,  23907   , 1093  , 4653  , 20347
rbf  , 0.02  , 0.007  ,  0.87536  , 0.8863  , 0.97551  , 0.81208  , 1411.0  ,  24369   , 631  , 5610  , 19390
rbf  , 0.02  , 0.008  ,  0.87696  , 0.88752  , 0.97478  , 0.81463  , 1454.0  ,  24357   , 643  , 5515  , 19485
rbf  , 0.02  , 0.009  ,  0.87912  , 0.88927  , 0.97478  , 0.8176  , 1486.0  ,  24340   , 660  , 5424  , 19576
rbf  , 0.02  , 0.01  ,  0.88048  , 0.8903  , 0.97389  , 0.81995  , 1531.0  ,  24329   , 671  , 5338  , 19662
rbf  , 0.02  , 0.011  ,  0.88128  , 0.89088  , 0.97325  , 0.8214  , 1577.0  ,  24316   , 684  , 5266  , 19734
rbf  , 0.02  , 0.012  ,  0.88168  , 0.89109  , 0.97197  , 0.82266  , 1627.0  ,  24297   , 703  , 5198  , 19802
rbf  , 0.02  , 0.013  ,  0.88196  , 0.89119  , 0.97068  , 0.82376  , 1688.0  ,  24264   , 736  , 5136  , 19864
rbf  , 0.02  , 0.014  ,  0.88248  , 0.89151  , 0.96964  , 0.82507  , 1750.0  ,  24243   , 757  , 5089  , 19911
rbf  , 0.02  , 0.015  ,  0.88324  , 0.89203  , 0.96859  , 0.82672  , 1821.0  ,  24217   , 783  , 5038  , 19962
rbf  , 0.02  , 0.016  ,  0.8834  , 0.89205  , 0.96739  , 0.82762  , 1893.0  ,  24180   , 820  , 4992  , 20008
rbf  , 0.02  , 0.017  ,  0.8834  , 0.89185  , 0.96539  , 0.82876  , 1961.0  ,  24153   , 847  , 4947  , 20053
rbf  , 0.02  , 0.018  ,  0.88376  , 0.89205  , 0.96436  , 0.82986  , 2045.0  ,  24116   , 884  , 4905  , 20095
rbf  , 0.02  , 0.019  ,  0.88396  , 0.89205  , 0.96274  , 0.83106  , 2131.0  ,  24074   , 926  , 4850  , 20150
rbf  , 0.02  , 0.02  ,  0.8842  , 0.89212  , 0.96145  , 0.83214  , 2218.0  ,  24039   , 961  , 4804  , 20196
rbf  , 0.02  , 0.021  ,  0.88488  , 0.89257  , 0.96024  , 0.83383  , 2314.0  ,  23988   , 1012  , 4742  , 20258
rbf  , 0.02  , 0.022  ,  0.88476  , 0.89228  , 0.95833  , 0.83478  , 2419.0  ,  23948   , 1052  , 4697  , 20303
rbf  , 0.02  , 0.023  ,  0.88564  , 0.8929  , 0.95712  , 0.83678  , 2529.0  ,  23901   , 1099  , 4639  , 20361
rbf  , 0.021  , 0.007  ,  0.8756  , 0.88641  , 0.97471  , 0.81283  , 1468.0  ,  24347   , 653  , 5569  , 19431
rbf  , 0.021  , 0.008  ,  0.87692  , 0.88737  , 0.97366  , 0.81517  , 1503.0  ,  24321   , 679  , 5474  , 19526
rbf  , 0.021  , 0.009  ,  0.87908  , 0.88915  , 0.97389  , 0.81801  , 1535.0  ,  24313   , 687  , 5384  , 19616
rbf  , 0.021  , 0.01  ,  0.88048  , 0.89019  , 0.97284  , 0.82051  , 1583.0  ,  24300   , 700  , 5299  , 19701
rbf  , 0.021  , 0.011  ,  0.88132  , 0.89084  , 0.97245  , 0.8219  , 1627.0  ,  24284   , 716  , 5235  , 19765
rbf  , 0.021  , 0.012  ,  0.8818  , 0.8911  , 0.97116  , 0.82327  , 1686.0  ,  24267   , 733  , 5160  , 19840
rbf  , 0.021  , 0.013  ,  0.88224  , 0.89133  , 0.96987  , 0.82459  , 1739.0  ,  24242   , 758  , 5107  , 19893
rbf  , 0.021  , 0.014  ,  0.88308  , 0.89196  , 0.96915  , 0.82618  , 1801.0  ,  24221   , 779  , 5052  , 19948
rbf  , 0.021  , 0.015  ,  0.88336  , 0.8921  , 0.96826  , 0.82707  , 1870.0  ,  24192   , 808  , 5008  , 19992
rbf  , 0.021  , 0.016  ,  0.88332  , 0.89187  , 0.96634  , 0.82809  , 1937.0  ,  24166   , 834  , 4964  , 20036
rbf  , 0.021  , 0.017  ,  0.88356  , 0.89194  , 0.96499  , 0.82921  , 2005.0  ,  24140   , 860  , 4917  , 20083
rbf  , 0.021  , 0.018  ,  0.88392  , 0.89213  , 0.96387  , 0.83036  , 2085.0  ,  24104   , 896  , 4873  , 20127
rbf  , 0.021  , 0.019  ,  0.88432  , 0.89233  , 0.9625  , 0.83172  , 2167.0  ,  24066   , 934  , 4824  , 20176
rbf  , 0.021  , 0.02  ,  0.8846  , 0.8924  , 0.96089  , 0.83305  , 2254.0  ,  24025   , 975  , 4774  , 20226
rbf  , 0.021  , 0.021  ,  0.88484  , 0.89246  , 0.95952  , 0.83419  , 2339.0  ,  23972   , 1028  , 4720  , 20280
rbf  , 0.021  , 0.022  ,  0.88508  , 0.89254  , 0.95825  , 0.83529  , 2447.0  ,  23940   , 1060  , 4676  , 20324
rbf  , 0.021  , 0.023  ,  0.8856  , 0.89283  , 0.9568  , 0.8369  , 2551.0  ,  23895   , 1105  , 4623  , 20377
rbf  , 0.022  , 0.007  ,  0.87612  , 0.88675  , 0.9739  , 0.81395  , 1528.0  ,  24319   , 681  , 5537  , 19463
rbf  , 0.022  , 0.008  ,  0.8774  , 0.88768  , 0.97285  , 0.81625  , 1558.0  ,  24298   , 702  , 5431  , 19569
rbf  , 0.022  , 0.009  ,  0.8794  , 0.88933  , 0.97301  , 0.81893  , 1590.0  ,  24292   , 708  , 5339  , 19661
rbf  , 0.022  , 0.01  ,  0.88068  , 0.8903  , 0.97229  , 0.82109  , 1637.0  ,  24276   , 724  , 5264  , 19736
rbf  , 0.022  , 0.011  ,  0.88112  , 0.89054  , 0.97108  , 0.82236  , 1680.0  ,  24267   , 733  , 5197  , 19803
rbf  , 0.022  , 0.012  ,  0.88168  , 0.89089  , 0.97003  , 0.82371  , 1737.0  ,  24240   , 760  , 5132  , 19868
rbf  , 0.022  , 0.013  ,  0.88252  , 0.8915  , 0.96924  , 0.82535  , 1793.0  ,  24228   , 772  , 5082  , 19918
rbf  , 0.022  , 0.014  ,  0.88344  , 0.89221  , 0.96867  , 0.82696  , 1852.0  ,  24202   , 798  , 5031  , 19969
rbf  , 0.022  , 0.015  ,  0.8834  , 0.89204  , 0.96731  , 0.82767  , 1918.0  ,  24175   , 825  , 4981  , 20019
rbf  , 0.022  , 0.016  ,  0.88348  , 0.89196  , 0.96587  , 0.82859  , 1983.0  ,  24144   , 856  , 4943  , 20057
rbf  , 0.022  , 0.017  ,  0.88348  , 0.89182  , 0.96442  , 0.82941  , 2049.0  ,  24108   , 892  , 4897  , 20103
rbf  , 0.022  , 0.018  ,  0.88416  , 0.89226  , 0.96322  , 0.83107  , 2123.0  ,  24085   , 915  , 4856  , 20144
rbf  , 0.022  , 0.019  ,  0.88412  , 0.89208  , 0.9617  , 0.83189  , 2205.0  ,  24052   , 948  , 4799  , 20201
rbf  , 0.022  , 0.02  ,  0.88484  , 0.89257  , 0.96065  , 0.83353  , 2282.0  ,  24013   , 987  , 4757  , 20243
rbf  , 0.022  , 0.021  ,  0.88516  , 0.8927  , 0.95928  , 0.83479  , 2373.0  ,  23963   , 1037  , 4704  , 20296
rbf  , 0.022  , 0.022  ,  0.88512  , 0.89251  , 0.9576  , 0.83573  , 2471.0  ,  23934   , 1066  , 4649  , 20351
rbf  , 0.022  , 0.023  ,  0.88584  , 0.893  , 0.95655  , 0.83739  , 2578.0  ,  23885   , 1115  , 4609  , 20391
rbf  , 0.023  , 0.007  ,  0.87656  , 0.88705  , 0.97334  , 0.81485  , 1582.0  ,  24303   , 697  , 5496  , 19504
rbf  , 0.023  , 0.008  ,  0.87788  , 0.88804  , 0.97253  , 0.81708  , 1606.0  ,  24276   , 724  , 5394  , 19606
rbf  , 0.023  , 0.009  ,  0.87912  , 0.88895  , 0.97156  , 0.81932  , 1647.0  ,  24264   , 736  , 5311  , 19689
rbf  , 0.023  , 0.01  ,  0.8806  , 0.89014  , 0.9714  , 0.82146  , 1693.0  ,  24247   , 753  , 5232  , 19768
rbf  , 0.023  , 0.011  ,  0.8812  , 0.89048  , 0.96988  , 0.82313  , 1731.0  ,  24238   , 762  , 5155  , 19845
rbf  , 0.023  , 0.012  ,  0.882  , 0.89107  , 0.96922  , 0.82461  , 1784.0  ,  24216   , 784  , 5100  , 19900
rbf  , 0.023  , 0.013  ,  0.88272  , 0.89159  , 0.96844  , 0.82607  , 1843.0  ,  24201   , 799  , 5049  , 19951
rbf  , 0.023  , 0.014  ,  0.88324  , 0.8919  , 0.96723  , 0.82748  , 1904.0  ,  24172   , 828  , 4998  , 20002
rbf  , 0.023  , 0.015  ,  0.8836  , 0.89216  , 0.96683  , 0.82822  , 1963.0  ,  24163   , 837  , 4954  , 20046
rbf  , 0.023  , 0.016  ,  0.88364  , 0.89205  , 0.96538  , 0.82909  , 2029.0  ,  24124   , 876  , 4911  , 20089
rbf  , 0.023  , 0.017  ,  0.88348  , 0.89176  , 0.96386  , 0.82973  , 2091.0  ,  24095   , 905  , 4870  , 20130
rbf  , 0.023  , 0.018  ,  0.88392  , 0.892  , 0.96258  , 0.8311  , 2161.0  ,  24074   , 926  , 4834  , 20166
rbf  , 0.023  , 0.019  ,  0.8844  , 0.89227  , 0.9613  , 0.83252  , 2236.0  ,  24038   , 962  , 4774  , 20226
rbf  , 0.023  , 0.02  ,  0.88492  , 0.89262  , 0.96041  , 0.83379  , 2317.0  ,  24002   , 998  , 4736  , 20264
rbf  , 0.023  , 0.021  ,  0.885  , 0.89251  , 0.95871  , 0.83489  , 2404.0  ,  23954   , 1046  , 4682  , 20318
rbf  , 0.023  , 0.022  ,  0.88504  , 0.89238  , 0.95704  , 0.83594  , 2499.0  ,  23925   , 1075  , 4642  , 20358
rbf  , 0.023  , 0.023  ,  0.88564  , 0.89276  , 0.95583  , 0.83752  , 2603.0  ,  23877   , 1123  , 4594  , 20406

Trojan name: HT3_1 - 4 ==> Best params: nu = 0.022  , gamma = 0.023  , F1_score = 0.893  


New occurence at: 2021-03-05 10:43:43.495751, Trojan name: HT3_2 - 4 

kernel , nu   , gamma   ,    Accuracy,    F1_score,    Recall,   Precision,   No_Sup_Vec, TP   , FN   , FP   , TN 
rbf  , 0.005  , 0.005  ,  0.96424  , 0.9653  , 0.99108  , 0.94084  , 522.0  ,  24765   , 235  , 1580  , 23420
rbf  , 0.005  , 0.0075  ,  0.96852  , 0.96926  , 0.98877  , 0.95051  , 690.0  ,  24674   , 326  , 1324  , 23676
rbf  , 0.005  , 0.01  ,  0.96824  , 0.96885  , 0.98399  , 0.95417  , 916.0  ,  24587   , 413  , 1211  , 23789
rbf  , 0.005  , 0.0125  ,  0.96776  , 0.96828  , 0.98024  , 0.9566  , 1161.0  ,  24499   , 501  , 1139  , 23861
rbf  , 0.0075  , 0.005  ,  0.96608  , 0.96696  , 0.98908  , 0.94581  , 640.0  ,  24707   , 293  , 1403  , 23597
rbf  , 0.0075  , 0.0075  ,  0.96896  , 0.96961  , 0.98662  , 0.95319  , 770.0  ,  24636   , 364  , 1216  , 23784
rbf  , 0.0075  , 0.01  ,  0.9684  , 0.96898  , 0.98335  , 0.95503  , 953.0  ,  24570   , 430  , 1164  , 23836
rbf  , 0.0075  , 0.0125  ,  0.968  , 0.9685  , 0.98001  , 0.95726  , 1174.0  ,  24485   , 515  , 1118  , 23882
rbf  , 0.01  , 0.005  ,  0.96696  , 0.9677  , 0.98638  , 0.94973  , 771.0  ,  24632   , 368  , 1292  , 23708
rbf  , 0.01  , 0.0075  ,  0.969  , 0.96958  , 0.98462  , 0.95501  , 879.0  ,  24572   , 428  , 1158  , 23842
rbf  , 0.01  , 0.01  ,  0.96832  , 0.96884  , 0.98136  , 0.95665  , 1040.0  ,  24520   , 480  , 1108  , 23892
rbf  , 0.01  , 0.0125  ,  0.96784  , 0.96831  , 0.97889  , 0.95796  , 1222.0  ,  24470   , 530  , 1098  , 23902
rbf  , 0.0125  , 0.005  ,  0.96684  , 0.96751  , 0.98367  , 0.95187  , 912.0  ,  24578   , 422  , 1239  , 23761
rbf  , 0.0125  , 0.0075  ,  0.96844  , 0.96897  , 0.982  , 0.9563  , 1017.0  ,  24527   , 473  , 1133  , 23867
rbf  , 0.0125  , 0.01  ,  0.968  , 0.96847  , 0.97929  , 0.9579  , 1150.0  ,  24467   , 533  , 1080  , 23920
rbf  , 0.0125  , 0.0125  ,  0.96768  , 0.96811  , 0.97737  , 0.95902  , 1301.0  ,  24431   , 569  , 1057  , 23943
rbf  , 0.015  , 0.005  ,  0.96608  , 0.9667  , 0.9812  , 0.95263  , 1059.0  ,  24520   , 480  , 1207  , 23793
rbf  , 0.015  , 0.0075  ,  0.96776  , 0.96824  , 0.97936  , 0.95738  , 1155.0  ,  24463   , 537  , 1099  , 23901
rbf  , 0.015  , 0.01  ,  0.96736  , 0.96779  , 0.97698  , 0.95878  , 1264.0  ,  24412   , 588  , 1063  , 23937
rbf  , 0.015  , 0.0125  ,  0.96724  , 0.96763  , 0.97554  , 0.95985  , 1398.0  ,  24383   , 617  , 1036  , 23964

Trojan name: HT3_2 - 4 ==> Best params: nu = 0.0075  , gamma = 0.0075  , F1_score = 0.96961  


New occurence at: 2021-03-05 11:18:18.953663, Trojan name: HT3_3 - 4 

kernel , nu   , gamma   ,    Accuracy,    F1_score,    Recall,   Precision,   No_Sup_Vec, TP   , FN   , FP   , TN 
rbf  , 0.005  , 0.001  ,  0.80444  , 0.83536  , 0.99447  , 0.72017  , 349.0  ,  24871   , 129  , 9614  , 15386
rbf  , 0.005  , 0.0035  ,  0.97096  , 0.97153  , 0.99326  , 0.95076  , 450.0  ,  24842   , 158  , 1167  , 23833
rbf  , 0.005  , 0.006  ,  0.97964  , 0.97984  , 0.99167  , 0.9683  , 587.0  ,  24781   , 219  , 806  , 24194
rbf  , 0.005  , 0.0085  ,  0.98048  , 0.98059  , 0.98814  , 0.97317  , 790.0  ,  24695   , 305  , 715  , 24285
rbf  , 0.005  , 0.011  ,  0.97976  , 0.97982  , 0.98444  , 0.97524  , 1016.0  ,  24593   , 407  , 634  , 24366
rbf  , 0.0075  , 0.001  ,  0.80636  , 0.83643  , 0.99246  , 0.72283  , 494.0  ,  24809   , 191  , 9529  , 15471
rbf  , 0.0075  , 0.0035  ,  0.97356  , 0.97396  , 0.99101  , 0.95749  , 586.0  ,  24774   , 226  , 1047  , 23953
rbf  , 0.0075  , 0.006  ,  0.98076  , 0.9809  , 0.98975  , 0.97222  , 700.0  ,  24720   , 280  , 724  , 24276
rbf  , 0.0075  , 0.0085  ,  0.98084  , 0.98093  , 0.98749  , 0.97447  , 848.0  ,  24672   , 328  , 646  , 24354
rbf  , 0.0075  , 0.011  ,  0.98048  , 0.98052  , 0.98452  , 0.97655  , 1038.0  ,  24585   , 415  , 595  , 24405
rbf  , 0.01  , 0.001  ,  0.80732  , 0.83681  , 0.9903  , 0.72456  , 642.0  ,  24747   , 253  , 9410  , 15590
rbf  , 0.01  , 0.0035  ,  0.97588  , 0.97616  , 0.98933  , 0.96334  , 727.0  ,  24702   , 298  , 934  , 24066
rbf  , 0.01  , 0.006  ,  0.9808  , 0.98091  , 0.98797  , 0.97395  , 819.0  ,  24668   , 332  , 677  , 24323
rbf  , 0.01  , 0.0085  ,  0.98104  , 0.9811  , 0.98621  , 0.97605  , 942.0  ,  24627   , 373  , 610  , 24390
rbf  , 0.01  , 0.011  ,  0.98016  , 0.98018  , 0.98316  , 0.97723  , 1102.0  ,  24559   , 441  , 563  , 24437
rbf  , 0.0125  , 0.001  ,  0.80784  , 0.83687  , 0.98807  , 0.72585  , 795.0  ,  24682   , 318  , 9326  , 15674
rbf  , 0.0125  , 0.0035  ,  0.97688  , 0.9771  , 0.98789  , 0.96655  , 871.0  ,  24654   , 346  , 886  , 24114
rbf  , 0.0125  , 0.006  ,  0.98048  , 0.98056  , 0.98582  , 0.97535  , 959.0  ,  24619   , 381  , 656  , 24344
rbf  , 0.0125  , 0.0085  ,  0.98056  , 0.9806  , 0.98421  , 0.97702  , 1071.0  ,  24574   , 426  , 584  , 24416
rbf  , 0.0125  , 0.011  ,  0.97964  , 0.97964  , 0.98155  , 0.97774  , 1203.0  ,  24521   , 479  , 555  , 24445
rbf  , 0.015  , 0.001  ,  0.80824  , 0.8369  , 0.98623  , 0.72689  , 939.0  ,  24621   , 379  , 9241  , 15759
rbf  , 0.015  , 0.0035  ,  0.97656  , 0.97673  , 0.98565  , 0.96798  , 1009.0  ,  24587   , 413  , 849  , 24151
rbf  , 0.015  , 0.006  ,  0.97988  , 0.97992  , 0.98357  , 0.97631  , 1098.0  ,  24568   , 432  , 636  , 24364
rbf  , 0.015  , 0.0085  ,  0.97988  , 0.97989  , 0.98221  , 0.97759  , 1194.0  ,  24530   , 470  , 574  , 24426
rbf  , 0.015  , 0.011  ,  0.97924  , 0.97922  , 0.98027  , 0.97818  , 1322.0  ,  24473   , 527  , 546  , 24454

Trojan name: HT3_3 - 4 ==> Best params: nu = 0.01  , gamma = 0.0085  , F1_score = 0.9811  
