    4600,    3300,   25700,    3900,    4900,    4540,    3660,   25760,    3740,    4080,
    1000,     700,   25600,    3100,    1000,    1020,     820,   25780,    3200,     880,
    1100,    3600,   25600,     800,     700,    1742,    3820,   25860,     860,     820,
    5200,    3600,   25700,    3300,    1800,    5200,    3780,   25520,    3240,    2640,
    4800,    1100,   25600,    3900,    2600,    4720,     820,   25900,    3300,    2900,
    4600,    3600,   25700,    2900,    3100,    4560,    3660,   25560,    4220,    3860,
    4600,    3400,   25400,    1000,    2800,    4520,    3620,   25780,     920,    3040,
    4400,    4300,   25400,    5100,    4100,    4520,    4000,   25600,    3960,    3300,
    4900,    3400,   25700,    4100,    4300,    4800,    3700,   25700,    3300,    3360,
    4300,    1100,   25600,    3300,    4300,    4380,     880,   25780,    3820,    4220,
    1300,    1000,   26200,    1100,    4300,    1080,     980,   26140,     840,    4320,
    1100,    5100,   25600,    3100,    2900,    1120,    4260,   25800,    3700,    3760,
    1100,    3400,   26100,     700,    2900,    1597,    3900,   25980,     700,    3700,
     800,     800,   26200,     800,    2800,    1777,     820,   26000,     880,    3400,
    1100,    1500,   25700,    3600,    1000,    1040,     940,   26000,    3560,     940,
    1100,    1000,   26100,    4100,    4600,    1140,     860,   25860,    3680,    3160,
    1100,    5100,   26100,    3100,    2800,    1120,    4420,   26040,    3100,    2820,
    1100,     800,   25700,    3800,    2800,    1080,    1020,   25700,    3540,    2720,
    4800,    3800,   25900,     800,    2800,    5128,    3700,   25740,     760,    3580,
    4100,    3800,   25200,    3400,    4100,    4460,    4060,   25540,    3760,    3560,
    1300,    3600,   25600,    2900,    2600,    1200,    4060,   25840,    3480,    3560,
    4900,    3100,   26200,     800,     800,    4700,    3580,   26040,     860,     920,
    4600,    3900,   25600,     700,    2900,    4640,    3460,   25780,     880,    2820,
     800,    5100,   25600,    4400,    4100,    1020,    3960,   25840,    3860,    3920,
    4800,    1000,   26100,     800,    4300,    4680,     980,   26040,     840,    3080,
    4100,     800,   25400,    4100,    3800,    4360,     940,   25820,    3460,    3060,
    4100,    3600,   25600,    1000,     700,    4380,    3600,   25860,     800,     760,
    1300,    3600,   25900,    3400,     800,    1756,    3720,   25880,    3480,     780,
    4100,    3400,   25900,     800,     800,    4220,    4340,   26020,     820,     860,
    4900,    4400,   25400,     800,    2800,    4560,    3780,   25800,     840,    3540,
    4600,     800,   25700,    1000,    4600,    4500,     920,   26000,     900,    4240,
    4800,    1100,   25900,    4100,    4300,    4600,    1020,   25980,    4040,    4280,
     800,    4400,   26200,    3100,     700,    1020,    4300,   26060,    3580,     780,
    4800,    1000,   26100,    2900,    2600,    4780,    1000,   25980,    3200,    2900,
    1100,    4100,   25900,    1000,    3900,    1707,    3700,   25960,     920,    4020,
    4400,    5200,   26200,     700,    2900,    4560,    3980,   26040,     840,    2980,
    4300,     800,   25700,     700,    1000,    4620,     880,   26000,     840,    1720,
    5100,    1000,   25600,    4100,    2900,    5020,     880,   25880,    3540,    3440,
    1100,     800,   26100,    4100,    3100,    1040,     980,   26020,    4180,    3980,
    4100,    3300,   25900,     800,    3900,    4340,    4300,   25780,     920,    3760,
    4100,     700,   26200,    3900,     800,    4998,     880,   26000,    3660,     800,
    4400,    3400,   25700,    3800,    4300,    4340,    4360,   25820,    4120,    4080,
    4800,     800,   26200,     700,    3300,    4440,    1000,   25940,     740,    4040,
    4800,    3600,   25900,    1000,    2800,    4420,    4400,   25900,     880,    3700,
    1300,    3400,   25600,    2900,    1000,    1140,    3640,   26000,    3640,     860,
    4100,     800,   25900,    4300,    3900,    4420,     920,   25980,    4260,    4060,
    1100,    4100,   26200,    2900,    2600,    1100,    3740,   26040,    3220,    3400,
    4100,    3300,   26100,    4300,    1000,    4260,    3780,   25980,    3660,     820,
    4800,     700,   25600,    2900,    1000,    4640,     780,   25780,    3360,     800,
     800,    3800,   26200,     800,    1000,    1020,    3960,   26060,     880,    2100,
    4400,    3600,   26100,    2900,     800,    4520,    3440,   25880,    3620,     920,
    4100,    3400,   25400,    4300,    3900,    4200,    4240,   25760,    4140,    3980,
    1300,    5100,   25600,     800,    4100,    1140,    4300,   25880,     860,    3880,
    1000,    3600,   25400,     800,    4400,    1040,    3900,   25740,     840,    4120,
    4800,    1000,   25700,     700,    2600,    4640,     920,   25900,     800,    2780,
    4600,    3300,   25400,    3400,    1000,    4300,    3640,   25540,    3500,     940,
    1100,    3300,   25900,     800,    2600,    1060,    3860,   25860,     840,    3800,
    4100,    3900,   25700,     800,    3900,    4500,    3540,   25860,     760,    4240,
    5200,    3900,   25700,    3800,    3100,    5180,    3740,   25520,    3340,    2740,
    4300,    3300,   25600,    3800,    2600,    4340,    3940,   25680,    3720,    3360,
    1100,    3600,   26100,    4400,     800,    1817,    3720,   26000,    3620,     880,
    4900,    3400,   25600,    1000,    4300,    4700,    3740,   25920,     840,    3180,
    1000,    1100,   26100,     800,    2900,    1000,    1020,   26140,     860,    2820,
    5400,    2900,   25700,    2900,    2900,    5140,    2620,   25660,    3480,    3280,
    4900,    1100,   25600,    4100,    4600,    4560,    1000,   25800,    3600,    4000,
    1100,    5200,   25700,     700,    4100,    1160,    3920,   25860,     760,    3560,
    4300,     500,   25600,     800,    4400,    4460,     700,   25880,     800,    3680,
     800,    1000,   26200,     800,    4600,    1060,    1000,   26100,     780,    3500,
    4800,    4300,   25700,     800,    1000,    4740,    3800,   25780,     860,    3040,
    5100,    1000,   25700,    4100,    4300,    4800,     840,   26000,    3460,    3140,
    4400,    3600,   25600,    3800,     800,    4320,    4400,   25880,    4160,     860,
    1100,    5200,   26100,     800,    2900,    1180,    3980,   25860,     880,    2840,
    1300,     700,   26400,    1000,     700,    1080,     920,   26240,     920,     820,
    4300,     800,   26200,     800,    4100,    5149,     860,   26120,     900,    3620,
    4900,    4300,   25400,    2900,    2900,    4620,    3800,   25660,    3060,    2760,
    1300,    1000,   25700,     800,    2600,    1120,     920,   25940,     760,    3940,
    1300,    3600,   25900,    2900,    2800,    1140,    3560,   25980,    3340,    3660,
    4400,    3300,   26200,     800,    1000,    4505,    4280,   26080,     820,     900,
    4400,    5100,   25400,     800,    4100,    4540,    3940,   25800,     800,    3360,
    4900,    1000,   25600,    4300,    4100,    5100,    1020,   25680,    3460,    3200,
     800,    3400,   25700,    4100,    4600,    1040,    3480,   25860,    4060,    4280,
     800,    3400,   25600,    2900,    2600,    1020,    3760,   25840,    3540,    3560,
    1100,    3600,   25600,     700,    2800,    1220,    4300,   26040,     740,    3160,
    4800,    1000,   26100,    4100,    2600,    4640,    1000,   26000,    3440,    2940,
     800,    1000,   25600,     700,    3600,    1000,     960,   25800,     740,    3220,
    1100,    1000,   25400,    4300,    4100,    1120,     980,   25780,    3560,    3380,
    4600,    3800,   26100,    3100,    1000,    4560,    4280,   26060,    3060,     860,
     800,    4600,   25600,    3100,    1000,     980,    3820,   25980,    3600,     860,
    5100,    4300,   25900,    4100,    3100,    4560,    4020,   25520,    4200,    3440,
    4600,    4100,   26200,     700,    1000,    4540,    4460,   25960,     800,     900,
    1000,     700,   26200,    4100,    4600,    1020,     900,   25940,    4140,    4260,
    4800,    2000,   25400,    4800,    5100,    4640,    3320,   25640,    4860,    4740,
    4600,    3300,   26100,    3100,    2600,    4500,    3500,   25920,    3500,    3360,
    1300,    3600,   25600,    4100,    4400,    1140,    3440,   25860,    3880,    3280,
    1100,    5100,   26200,     800,    2900,    1080,    4360,   25900,     900,    2800,
    1000,    3300,   26200,    1000,    4600,    1100,    3840,   26100,     880,    3540,
    4800,    4400,   25400,    2900,    2300,    4320,    3700,   25760,    3700,    3620,
     800,    3600,   26100,    1500,    1000,    1040,    3680,   25980,    1000,     840,
    1100,    1000,   25900,    4300,     700,    1774,     920,   25800,    3640,     880,
    1100,    5100,   26200,    3100,    2900,    1120,    3780,   25840,    3880,    3520,
    1000,    3400,   25600,    4300,    1000,    1140,    3640,   25960,    3340,     920,
    4800,    4400,   25700,    4600,    3900,    4920,    3700,   25540,    4800,    3920,
     800,    3400,   25700,    3100,     800,    1020,    3700,   25980,    3840,     820,
    1300,    1100,   25600,    4300,     700,    1160,     980,   26000,    4320,     800,
    1300,    3300,   25400,    3800,    4600,    1060,    3840,   25800,    3740,    4000,
    4100,    4600,   26100,    4300,     800,    4320,    3720,   26060,    4100,     780,
    4300,    4900,   26100,    3100,    2900,    4320,    4360,   25920,    3640,    3640,
    1000,    1000,   25600,     700,    4800,    1100,     920,   25940,     760,    3920,
    1800,    3600,   25900,    4100,     800,    1280,    4020,   25880,    3700,     880,
    1100,    3800,   25400,    3300,    4300,    1100,    3780,   25780,    3520,    3960,
    1100,    3300,   26100,    4600,     700,    1100,    3840,   26020,    4580,     780,
    1100,    5400,   26200,    3100,    1000,    1060,    4200,   26000,    3520,     860,
    4400,    5100,   25900,    3100,     800,    4560,    4340,   26040,    3020,     920,
    4400,    1000,   26200,     700,     800,    4420,    1040,   25960,     800,    2420,
    4800,    5100,   25600,    3100,    1000,    4580,    4160,   25600,    3720,     800,
    1000,    3600,   25600,    4100,    2800,    1080,    3500,   25840,    4100,    3840,
     800,    4100,   26100,    3300,    4400,    1020,    3800,   25920,    3980,    4100,
    1100,     800,   25700,    1000,    4300,    1120,     880,   25860,     820,    2220,
    1000,    4900,   26200,     800,    2600,    1060,    4040,   26140,     760,    3160,
    4400,    3900,   26100,    3300,    4300,    4420,    3940,   26020,    3320,    4220,
    4400,    3800,   25400,    3100,    3400,    4993,    3920,   25880,    3180,    3600,
    1100,     800,   25600,    3100,    2800,    1160,     880,   25900,    3980,    3920,
    4300,     700,   26100,     700,    2900,    4400,     880,   26100,     820,    4000,
    1300,    3300,   26200,     800,    2800,    1200,    3640,   26060,     840,    3800,
    1500,     800,   26200,    4300,    1000,    1200,     960,   26120,    3660,     820,
    1300,    3400,   25700,    4400,    3900,    1080,    3440,   25720,    3760,    3280,
    4100,     800,   26200,    4300,     800,    4200,     940,   25960,    3460,     820,
    1000,    5100,   26100,     800,    2900,    1060,    3940,   25940,     820,    3900,
    4600,    5100,   26100,    2900,    1000,    4400,    3960,   26060,    3680,     800,
    1000,     800,   25600,     800,    2600,    1120,     820,   25980,     840,    2780,
    4100,     500,   25600,    4300,    4100,    4980,     800,   25840,    3700,    3700,
    1300,    1100,   26200,     800,    1000,    2420,     980,   26160,     800,     920,
    4300,    4100,   25600,    3300,    4400,    4460,    4020,   25720,    3180,    3160,
    3900,    3900,   26100,    3400,    1000,    4360,    3680,   26000,    3260,     860,
    4600,     800,   26200,    1000,    4300,    4600,     820,   25920,     840,    3100,
    4600,    3400,   25600,    1000,    2600,    4580,    3700,   25920,     840,    2800,
    4300,    1100,   25900,    1000,    1000,    4420,     980,   25900,     820,    3080,
    4100,    4100,   26100,     800,    4400,    4540,    3740,   25880,     820,    3340,
    5100,    1000,   26200,    3100,    3100,    4980,     940,   25840,    3740,    3780,
    4600,    3300,   26100,     800,    2600,    4420,    3340,   25980,     860,    3740,
    1000,    3800,   26200,    3100,    2900,    3860,    3840,   26000,    3780,    3660,
    1300,    5100,   25600,    4300,     700,    1140,    3780,   25860,    3860,     800,
    1300,    4900,   25900,     700,    4100,    1100,    4320,   25980,     840,    4140,
    4300,    3900,   25600,     700,    4400,    4480,    4300,   25600,     860,    3880,
    4900,    3400,   25200,    4100,    3300,    4600,    4060,   25440,    3720,    3400,
    4300,    3600,   26100,    4300,    1000,    4340,    4340,   26100,    4220,     840,
    4600,    3600,   26100,    4400,     800,    4400,    3840,   25900,    4600,     840,
    4900,    3100,   25400,    4300,    4400,    4940,    3540,   25540,    4700,    4260,
    1000,     800,   26200,    1500,     800,    1180,     960,   25940,     980,     820,
    4600,    3400,   26100,    1000,    2600,    4640,    3420,   26020,     800,    3040,
    1100,    1000,   26100,    3100,    2800,    1000,     960,   26040,    3240,    2740,
    4300,    3800,   26100,    3100,    3100,    4440,    3740,   26020,    3100,    2840,
    4300,    2900,   25700,    4300,    4100,    4200,    3260,   25500,    3900,    3580,
    4800,    5200,   25700,    2900,     700,    4420,    4060,   25880,    3540,     880,
    4300,    1000,   25900,    4300,     800,    4440,     960,   25960,    3840,    2500,
    4300,    1000,   26100,     800,     800,    5104,     860,   25980,     840,     860,
    1000,     800,   26100,    3400,    2600,    1040,     820,   26060,    3160,    2840,
    1300,    3300,   26100,     800,    4300,    1140,    4220,   25980,     800,    4140,
    4300,    3600,   25400,    3100,     700,    4300,    3880,   25880,    3780,     900,
    4300,    4900,   26100,    1000,    2800,    4500,    3860,   25940,     900,    2760,
    1000,    4600,   25900,    3100,    3400,    1080,    4020,   25920,    3580,    1400,
    1100,    3600,   26100,    4800,     800,    1100,    3900,   26020,    4540,     800,
    4600,     800,   26100,    3900,    2900,    4672,     920,   25920,    4140,    3940,
    1100,    1000,   26200,    3300,    4400,    1140,     920,   25940,    3300,    3180,
    1000,    4600,   25600,    3300,    2900,    1080,    3800,   25760,    3180,    2760,
    4800,    5100,   26100,    2900,    2800,    4640,    3880,   25740,    3260,    2920,
    4600,    3600,   26100,    2900,    2600,    4480,    4300,   25900,    3060,    2820,
    4900,    1000,   26200,     700,     700,    4560,     980,   26120,     740,     860,
    4300,    1500,   25900,    3300,     700,    4480,    1060,   25860,    3640,     900,
    1300,    4900,   26200,    3100,    1000,    1120,    4320,   26100,    3820,     880,
    1300,    4300,   26200,     700,     700,    1120,    3660,   26180,     800,     860,
    1300,    4600,   25900,     800,    4300,    1140,    4120,   26020,     880,    2080,
    4800,    4900,   25900,    3100,    2900,    4440,    4320,   25680,    3560,    3900,
    1300,    5100,   26100,    1000,    4100,    1220,    3820,   25840,     820,    3660,
     800,    4600,   26200,    1000,    1000,    1000,    3820,   26060,     940,     860,
    1000,    5100,   26200,     800,    4100,    1080,    4140,   25960,     740,    4020,
    1300,    1100,   26200,     800,    2900,    1260,     940,   25980,     800,    2820,
    4600,     800,   25600,    3900,    4600,    4320,     860,   25840,    3900,    4300,
    4300,    4900,   26100,    2900,    1000,    4380,    4360,   25920,    3640,     800,
    1300,    3400,   25700,     800,    4600,    1140,    3720,   25980,     740,    3280,
    4400,    1500,   25900,    1000,    4300,    4380,    1120,   25940,     860,    4120,
    4100,    1100,   25600,    3300,    1000,    4460,     980,   26040,    3980,     920,
    4800,    1000,   25600,     700,    4600,    4580,     900,   25920,     740,    3300,
    1100,    3800,   26200,    3100,     800,    1140,    4100,   26020,    3100,     780,
     800,     800,   25700,    4100,    2900,    1020,     920,   26000,    3560,    3160,
    5200,    3300,   25600,    3600,    2100,    5220,    3380,   25740,    2460,    2740,
    1000,     800,   25600,     700,    3300,    1040,     880,   25900,     820,    4040,
    4600,     700,   26100,    3900,     800,    4440,     860,   26020,    1440,     840,
    4900,    3300,   25600,    3300,    1000,    5041,    3880,   25780,    3440,     880,
    4800,    5100,   26200,     800,    2800,    4440,    4180,   25800,     820,    3560,
    4800,    1100,   25600,    1000,    2600,    4480,     920,   25740,     920,    3860,
    4400,    4100,   26100,    4300,    4300,    4460,    4020,   26100,    3860,    1580,
     800,    1000,   26200,    3300,    4300,     960,    1000,   26060,    3300,    3280,
    4900,    2900,   25700,    4600,    4100,    4760,    3560,   25640,    4560,    4060,
    4100,    5100,   26100,    4300,    1000,    4500,    4060,   26000,    3380,     880,
    1100,     700,   25700,     700,     700,    1040,     960,   26060,     800,     720,
    1100,    3600,   26200,     700,     700,    1100,    4380,   26100,     720,     860,
    4600,     800,   26100,    1000,    2600,    4720,     880,   26060,     800,    2800,
     800,    1000,   25900,    3900,    2800,    1040,     940,   25960,    4100,    3840,
    1100,    1100,   26200,    3300,    4400,    1140,    1000,   26040,    3900,    4080,
    4300,    1000,   25700,    3100,    4300,    4320,     860,   25700,    3560,    3920,
    1100,    1500,   26200,     800,     800,    1180,    1020,   26080,     840,     820,
    4100,    3800,   26200,     700,    4300,    4160,    3980,   25940,     820,    4020,
    4400,    5200,   26200,     700,     800,    4700,    3960,   26020,     780,     780,
    4800,    1100,   25600,    1000,     700,    4640,     940,   25840,     840,     860,
     800,     800,   26100,    3100,     700,    1080,     980,   26160,    3940,     820,
    1500,     800,   26200,     800,    3300,    1200,     920,   26000,     780,    3940,
    4100,    3900,   26100,    3300,    4400,    4460,    3960,   25980,    3180,    3120,
    4800,    3600,   25400,     700,    1000,    4660,    3600,   25640,     800,     880,
    1300,    5100,   26100,    4300,    4100,    1120,    4040,   25920,    3560,    3820,
    1300,    1100,   26200,    4300,     800,    1220,     900,   26020,    3420,     800,
    4800,    1000,   26100,     800,    4600,    4680,     940,   25980,     860,    3300,
    1300,    5100,   26100,    4300,    4100,    1140,    4260,   25860,    4120,    4060,
    4400,    1000,   25700,    2900,    1000,    4400,     940,   25840,    3160,     840,
    1300,    3900,   26100,    1000,    2600,    1100,    3960,   25880,     840,    2780,
    1300,    3400,   26200,    3100,    1000,    1040,    3500,   25860,    3740,     960,
    4600,    3600,   25600,    4600,     700,    4460,    3960,   25880,    1640,     900,
    4600,    3400,   26100,     700,    2800,    5050,    3860,   26020,     740,    3600,
    1000,    3600,   26100,    1000,    4600,    1080,    3540,   25900,     900,    4280,
    1000,    5100,   25900,     800,    2900,    1120,    4340,   25820,     820,    3880,
    1100,     800,   26200,     700,    4400,    1180,     840,   26180,     800,    4200,
     800,    5100,   26100,    4300,    1000,    1040,    4260,   25840,    3960,     820,
    4900,     700,   25600,    4100,    1000,    4680,     920,   25980,    3540,     880,
    4400,    3100,   25400,     800,    4300,    4400,    3440,   25760,     780,    4260,
    1100,    1100,   25600,    4400,    4400,    1080,     920,   25880,    4160,    4260,
    4600,     700,   25400,    3100,    2600,    4560,     880,   25840,    3140,    3100,
    4600,    4600,   26200,    2900,     800,    4560,    4120,   26040,    2980,     820,
    1100,    1500,   26200,    1000,     800,    1080,    1100,   26100,     820,     880,
    4300,    3300,   26100,    4300,    4300,    4420,    3680,   25840,    3380,    3500,
    1100,    1000,   26200,     800,    4400,    1120,     920,   25880,     820,    2900,
    4300,    1000,   25600,    4600,     800,    4440,    1020,   25960,    4060,     760,
    4600,    3300,   25600,    3900,    4600,    4560,    3620,   25780,    3260,    3200,
    4800,    5100,   25700,    4600,    4100,    4680,    3840,   25700,    3940,    3520,
    4600,    5100,   25600,     700,    2900,    4440,    4040,   25740,     760,    3660,
    4600,    3400,   25900,    4100,    1000,    4500,    3680,   25880,    3700,    2040,
    1100,     700,   26200,    4300,    4300,    1140,     860,   26100,    3480,    3160,
    1000,    3800,   25700,    4300,    4100,    1060,    4000,   26000,    3260,    3140,
    1100,    1000,   26200,    3100,     800,    2500,     920,   26080,    3260,     840,
    1100,    3300,   25900,     800,    4600,    1060,    3680,   25880,     800,    3200,
     800,    4100,   25600,     800,    3100,    1020,    3900,   25840,     840,    2900,
    4400,    1100,   26200,    4300,    1000,    4932,     900,   25960,    3820,     860,
    4100,    5100,   25600,    4100,    3900,    4180,    4160,   25720,    3720,    4040,
    4600,    4900,   25600,    3100,    2800,    4560,    4020,   25540,    3600,    3960,
     800,    3600,   25600,     800,    2600,    1060,    3800,   26020,     840,    3540,
    1100,    4900,   26200,    4400,    1000,    1100,    3680,   26000,    4180,    1000,
    3900,    1100,   26200,     800,    3400,    4380,     960,   26080,     820,    3000,
    4300,    3600,   26100,    1000,    4300,    4500,    4100,   25860,     820,    3200,
    1100,     700,   26200,    3900,    1000,    1020,     900,   26040,    3400,    1680,
    1100,    1100,   26200,    3100,    2800,    1691,     860,   25820,    3800,    3360,
    1000,    1100,   25600,    3100,    1000,    1100,    1000,   25960,    3180,     800,
    1100,     800,   25600,    4800,    1000,    1060,     820,   26060,    4100,     920,
    4100,    3600,   26200,    3300,    4300,    4460,    3760,   25840,    3260,    3100,
    4600,    1000,   26200,     800,    2600,    4400,     960,   26040,     840,    3860,
    1300,    1100,   25600,    3300,    1000,    1260,     940,   25680,    3900,     920,
    4100,    3300,   25600,    4300,    1000,    4300,    4120,   25840,    3880,     860,
    1300,    1000,   25600,    4100,    3100,    1220,     920,   25960,    4020,    3860,
    4800,    4900,   26200,     700,    2900,    4460,    3960,   25940,     780,    2820,
    3900,    1000,   26200,     800,     700,    4300,     960,   26140,     740,     860,
    1100,    3600,   25600,    1000,    4400,    1040,    3640,   25720,     880,    3120,
    1100,    1000,   26200,    4400,     700,    1100,     840,   25900,    4520,     740,
    4400,    3400,   26100,     800,    2600,    4480,    3480,   25940,     760,    3980,
    4900,    2500,   25400,    4300,    3400,    5100,    2880,   25720,    3640,    3200,
    1500,     800,   25900,     700,    1000,    1280,     960,   25940,     760,     880,
    4300,    1000,   25400,    4300,    4100,    4420,     960,   25720,    3960,    4180,
    4600,    3400,   26100,    4100,    4400,    4400,    4160,   25860,    4080,    4140,
    4100,    3800,   25600,    1000,    4100,    4540,    3940,   25840,     860,    3120,
    1000,     700,   25600,    1000,    2800,    1100,     920,   25780,     900,    3780,
    4900,    1000,   25600,     800,    1000,    4580,     840,   25780,     780,     900,
    4600,    3300,   25700,     800,    1000,    4520,    3840,   25840,     820,    3480,
    4900,    3300,   25400,    4300,     800,    4720,    3820,   25640,    3720,     860,
    1100,    3600,   25900,    3300,    4300,    1120,    4320,   25980,    4120,    4060,
    4100,     700,   26200,    3400,    3800,    4320,     940,   25820,    4080,    4040,
    4600,    1000,   26200,    4400,     700,    4640,    1000,   26160,    3920,     880,
    1100,    5100,   26100,    2900,    1000,    1120,    3920,   25860,    3540,     880,
    4300,     800,   26200,    3300,    4400,    4360,     880,   25940,    4020,    4160,
    1100,    5100,   25600,     800,     700,    1040,    3940,   26000,     760,     840,
    1800,    3300,   26100,    4100,    4100,    1160,    3600,   25860,    3580,    3980,
    4600,    3400,   25900,     800,    1000,    4480,    3540,   26000,     860,    1980,
    4600,    4900,   26100,    3100,    2900,    4640,    3700,   25960,    3620,    2860,
    4600,    1000,   26100,     700,    4600,    4640,     920,   26080,     780,    3220,
    1500,    5100,   25600,     700,    2900,    1220,    4200,   25940,     780,    3420,
    4800,    1000,   25700,     800,    2800,    5167,     960,   25940,     820,    3700,
    4100,     800,   26200,     700,    4400,    4380,     880,   26100,     860,    4220,
    1500,    4800,   25600,     800,     800,    1220,    4140,   25960,     860,     880,
    4400,    3100,   25600,    3900,    1000,    4420,    3500,   25820,    4100,     780,
    1300,     800,   26200,     700,    2600,    1180,     920,   26140,     840,    3900,
    1300,    1000,   26200,    3300,    4400,    1120,    1020,   25920,    3260,    3480,
    4400,    1000,   25600,    3100,    2600,    4400,     900,   25740,    3980,    3760,
     800,    1000,   25600,    3400,    4400,    1020,     940,   25740,    3460,    3200,
    1100,    3400,   26200,     700,    3900,    1100,    3560,   26000,     760,    3000,
    1100,    3300,   26100,    4300,    4300,    1120,    3660,   25900,    3640,    3200,
    4600,    3100,   25900,     700,    2800,    4400,    3600,   26020,     740,    3960,
    1300,     800,   25700,    3400,    4300,    1220,     860,   25900,    4140,    4140,
    4800,     800,   25600,     700,    3900,    4620,     840,   25640,     860,    3100,
    4300,    5100,   25600,    4300,    3900,    4420,    4300,   25720,    3340,    3100,
    1300,    4900,   25700,    4300,    3900,    1473,    4120,   25920,    3760,    4040,
    4900,     800,   25900,    4300,     800,    4560,     840,   25720,    3700,     800,
    1100,    3600,   25700,     700,    1000,    1180,    4400,   26040,     760,     920,
    4100,    3600,   26100,     700,    4100,    4400,    3820,   25940,     780,    3200,
    4300,     500,   25400,    4300,     800,    4540,     800,   25740,    4000,     820,
    4100,     500,   26200,    4300,     800,    4320,     800,   26080,    3780,     840,
    1100,    5100,   26100,     800,    1000,    1220,    4640,   25940,     840,     900,
    1300,    1100,   26100,    1000,    1000,    1140,    1040,   26060,     920,    2520,
    4400,    3800,   25900,    3800,     700,    5425,    3600,   25920,    3740,     820,
    1100,    3400,   25700,    3900,    3600,    1831,    3740,   25760,    3760,    3540,
    1100,    3400,   25700,     800,    2900,    1140,    3460,   25800,     780,    3960,
    4800,     700,   26200,    1000,     700,    4440,     800,   25900,     800,     860,
    1100,    5100,   25600,    3100,     800,    1020,    4380,   25920,    3500,     900,
    4800,    3400,   25900,    1000,    1000,    4520,    3680,   26000,     860,    2940,
     800,    3100,   26200,     800,    1000,     980,    3480,   26160,     760,     880,
     800,    5100,   25900,    4100,    4100,    1060,    3900,   26040,    3540,    3440,
    4800,    3400,   25400,    1000,     800,    4600,    3660,   25960,     780,     880,
    4900,     700,   26200,     700,     800,    4560,     840,   26120,     760,     960,
    1100,    3600,   26100,    4300,    4300,    1100,    4480,   26020,    4300,    4060,
     800,     800,   25700,     700,     800,    1000,     720,   25900,     760,     860,
    4300,    5200,   26200,    4300,     800,    4380,    4180,   26020,    3440,     820,
    4900,    5100,   25900,    1000,    1000,    4700,    4060,   25820,     900,     920,
    1100,     800,   26200,    3100,    2600,    1100,     940,   26100,    3780,    3860,
    4800,     700,   25400,    3900,    4600,    4640,     840,   25680,    3500,    3360,
    1300,    4600,   25700,     800,    2800,    1140,    3800,   25760,     840,    3920,
    4300,    3100,   26100,    1000,    4100,    4440,    3460,   26040,     800,    3980,
    1300,    3400,   25600,    4100,    3300,    1100,    3480,   25760,    4040,    4140,
    4400,    1000,   26100,    3900,    2800,    4520,    1020,   26060,    3320,    2820,
    1100,    1000,   25900,     700,     700,    1140,    1020,   26060,     900,    1880,
     800,    5100,   26200,     800,    1000,    1000,    4080,   25960,     820,     880,
    1100,    3900,   25600,    3400,    4300,    1040,    3900,   25900,    3320,    4140,
    4400,    3400,   26100,    3100,     800,    4420,    4120,   25760,    3740,     880,
    4400,    1100,   26100,    3300,    4300,    4500,     880,   26000,    3100,    3220,
    4300,    5200,   25700,    4300,    1000,    4360,    4460,   25900,    4080,     900,
    4300,    5100,   25700,    4300,    4100,    5065,    4100,   25940,    3580,    3440,
    4600,    4400,   26200,    3100,    1000,    4580,    4460,   26040,    3100,     820,
    1100,     700,   26100,    4100,    2900,    1060,     900,   25900,    4000,    3920,
    4600,    3300,   25400,    4100,    2900,    4440,    3420,   25680,    4100,    3980,
    4800,    3600,   26100,    2900,    1000,    4600,    3560,   25920,    3660,     960,
    3900,    3800,   25600,    3300,    4400,    4360,    3600,   25840,    3300,    3660,
    3400,    2300,   25600,    3400,    2600,    2740,    2240,   25700,    3240,    3300,
    1100,    3400,   25600,     700,    1000,    1060,    3540,   25780,     760,     880,
    1100,    3900,   25900,    3400,    2600,    1080,    4440,   26020,    4080,    3760,
    1300,     800,   26400,     700,    1000,    1060,     940,   26220,     760,     840,
     800,    3600,   25600,    3100,     700,    1080,    3780,   25780,    3300,     860,
    4600,    4900,   25900,    2600,    2500,    4340,    3980,   25640,    3120,    3100,
    1000,    1000,   26200,    3100,     800,    1100,     860,   25980,    3380,    2660,
    1000,    3300,   25600,    4400,    1000,    1040,    3680,   25940,    3600,     960,
    4400,    4300,   25900,    4800,    4100,    4860,    3680,   25660,    4800,    4040,
     800,    3600,   25700,    3100,    1000,     980,    4220,   25820,    3500,     820,
    1100,    3900,   25600,    4100,    1000,    1100,    1460,   26000,    3920,     880,
    1100,    3900,   26200,    3300,    4400,    1100,    4020,   25960,    3180,    3240,
    1100,    3600,   25400,    3100,     700,    1120,    3860,   25880,    3800,     740,
    4400,    3600,   26100,     800,    2800,    4600,    3660,   25800,     900,    2720,
    4900,    3600,   25600,     800,    1000,    4620,    4240,   25840,     800,     960,
    1100,    3300,   26200,    1000,    2800,    1140,    3600,   26060,     780,    2880,
    4800,    3400,   25900,    3900,    1000,    4460,    4360,   25880,    4140,     900,
    4300,    3400,   26200,    1000,    4300,    4180,    3660,   25920,     820,    4160,
    1100,    4800,   26200,    3100,    2900,    1080,    3960,   25920,    3060,    2800,
    4300,    1000,   26200,    3300,    4800,    4480,     840,   26020,    3660,    2320,
    4100,    3900,   25700,    3300,    4300,    4300,    4420,   25840,    3460,    3520,
    1300,    1000,   26100,    1000,    2600,    1120,     920,   26000,     900,    2820,
    1300,    3600,   25600,     700,    2800,    1220,    3500,   25860,     780,    3100,
    4900,     800,   26100,    3100,    2800,    4660,    1000,   25780,    3100,    2780,
    4300,    4100,   25400,    4800,     800,    4540,    3720,   26000,    1560,     740,
    1100,    1000,   25700,    3400,    2600,    1100,     920,   25700,    4040,    3900,
    1300,    1000,   26100,    2900,    1000,    1260,     980,   26060,    3140,     900,
    4300,    3400,   25600,    1000,     800,    4460,    4300,   25780,     840,     860,
    1300,     500,   26100,    3600,    2900,    1180,     780,   26060,    4120,    3820,
    1100,    5200,   25700,    3100,    2900,    1000,    4400,   25980,    3480,    3500,
    4100,    4100,   26100,     700,    3100,    4180,    3740,   25880,     860,    3840,
    4600,    3800,   25700,    1300,     700,    4640,    3840,   25800,     980,     760,
    4400,    4100,   25700,     800,    2800,    4520,    4560,   25940,     860,    2860,
    1300,    4300,   25600,     800,     700,    1140,    3700,   25800,     760,     760,
    4100,    3300,   26100,    4300,    1000,    4320,    3660,   26060,    4100,     780,
    1300,    3400,   26100,    3900,    2600,    1140,    3520,   25900,    4060,    3760,
    1000,    3400,   26200,     700,    2900,    1040,    3860,   26100,     720,    3920,
    1000,    4100,   25600,    3300,    4100,    1120,    4060,   25840,    3140,    3280,
    4100,    4900,   26100,    3900,    4100,    4220,    4080,   25920,    3960,    4100,
    4600,    3600,   25200,    3300,    2600,    4540,    3580,   25460,    3760,    3640,
    4800,     700,   25600,     700,     700,    4640,     840,   25760,     900,     820,
    1100,    5100,   25600,    3100,     700,    1060,    3960,   25840,    3580,     840,
    1000,    3100,   25600,    1000,     800,    1040,    4000,   25820,     820,     780,
    4800,     700,   26100,    4100,    4600,    4580,     840,   26040,    3400,    3300,
    4600,    5100,   26200,    2900,     800,    4540,    3900,   25940,    3640,     840,
    1500,     800,   26200,    3100,    1000,    1160,     920,   26060,    3900,     940,
    4800,    5100,   25600,    1000,     700,    4600,    4400,   25880,     840,     780,
    4300,    3800,   25900,    3300,    4600,    4540,    3580,   25900,    3880,    3980,
    4400,     800,   26100,     800,    1500,    4500,     940,   25920,     780,    1100,
    4100,    4100,   26100,    1000,    4100,    4140,    4060,   25840,     840,    4120,
    4800,    1000,   25600,    3100,     700,    4740,     840,   25820,    3100,     840,
    1100,    3600,   25900,    3100,    3300,    1080,    3980,   25960,    3420,    1860,
    4400,    4100,   26200,    3900,    1000,    4300,    3840,   25800,    3520,    3220,
    1100,    3900,   26200,    3300,    3100,    1080,    4420,   26000,    3140,    2900,
    1100,    3600,   26200,    3100,    3300,    1080,    3620,   25980,    3700,    4040,
     800,     800,   25600,    3300,    4400,    1000,     960,   25900,    3340,    3760,
     800,    3600,   26100,    4100,    3300,    1040,    4100,   25980,    3300,    3040,
    4600,    5100,   25600,    2900,    2900,    4600,    3940,   25740,    3260,    2820,
    1000,    5100,   25600,    1000,    4100,    1080,    4060,   25880,     880,    3760,
    4300,    4600,   26100,    4300,    3900,    4340,    4800,   25800,    4220,    3980,
    4800,     700,   26100,     800,    4600,    4480,     780,   26060,     760,    3900,
    4600,    1000,   25900,    3100,    1000,    5178,     940,   25980,    3740,     840,
    1000,    3300,   25700,    3900,    2600,    1040,    3720,   25820,    3460,    2760,
    1100,    5100,   26200,    3100,    2800,    1080,    4160,   25940,    3840,    3780,
    4300,    3400,   26100,    3300,    3900,    4300,    3600,   25880,    3320,    3960,
    1000,    5100,   25400,    4300,    4100,    1020,    4860,   25660,    4140,    4020,
    4300,    3900,   25400,    3100,     800,    4540,    4060,   25860,    3060,     780,
     800,    3800,   25900,    3900,    2800,     960,    3600,   25940,    4120,    3920,
    4800,    3400,   25600,    4600,    3600,    4880,    3460,   25580,    4660,    4320,
    1000,    5100,   26200,    4400,    1000,    1060,    4320,   26160,    3620,     900,
    4300,    4100,   25600,    4100,     800,    4460,    3720,   25840,    3540,    2400,
    4400,    3100,   25600,    4300,     800,    4540,    3420,   25920,    3720,     820,
    4800,    1000,   25600,    4100,    2800,    4460,    1020,   25740,    4100,    3840,
    4600,    4900,   26200,     800,    4100,    4500,    4440,   25960,     820,    3620,
    1100,    3400,   25700,     800,    4300,    1120,    3660,   25960,     800,    1560,
    4300,    3400,   25400,     800,    3900,    4320,    4320,   25720,     780,    3900,
    1100,     700,   25600,     700,    4100,    1060,     840,   25840,     760,    4100,
    1100,    1000,   26200,     800,    2900,    1060,     880,   26060,     820,    4080,
    4300,    5100,   26100,     800,    3900,    4100,    4460,   26060,     780,    4020,
    3400,    1500,   25400,    2900,    3600,    3040,    2960,   25720,    3440,    3600,
    4600,     800,   25400,    1000,    4400,    4540,     980,   25700,     840,    3520,
    4400,    4600,   25700,    4300,     800,    4340,    4340,   25860,    4300,     900,
    1100,    1000,   25600,    3100,    3300,    1120,     860,   25840,    3160,    2940,
    4100,    3600,   25900,    3900,    4300,    4340,    3700,   26000,    3740,    2840,
    1100,    1100,   26200,    4300,    3900,    1080,     920,   26020,    3420,    3160,
    1100,    5200,   25400,    4300,    4100,    1120,    4380,   25900,    3580,    3400,
    1500,     800,   26100,    3400,    3900,    1686,     780,   25900,    3620,    3560,
    4400,    1000,   26200,    3800,     800,    4440,     840,   26040,    4340,     780,
    4100,    3400,   25900,    3400,    4300,    4320,    3660,   25800,    3960,    4100,
    4600,    5100,   26200,    1000,    2900,    4640,    4100,   25940,     920,    2820,
    1500,    5200,   26100,     800,     800,    1080,    3880,   25900,     760,     900,
    4900,    3300,   26100,    3400,     700,    4700,    3520,   25940,    3360,     840,
    1100,    4900,   26200,     800,    4100,    1080,    3980,   26040,     760,    3140,
    4300,    5100,   26100,     800,     800,    4580,    3720,   26040,     840,     820,
    3900,     700,   26200,    3300,    4300,    4360,     940,   25960,    3600,    3340,
    4800,    3100,   26100,     800,    2900,    4640,    3820,   25920,     760,    3220,
    1100,    1000,   25400,    3300,    2600,    1080,    1000,   25820,    3720,    3680,
    1100,    3300,   25600,    1000,    3900,    1040,    3560,   25880,     860,    4160,
    5200,     700,   25600,    3100,    2800,    4980,     880,   25880,    3580,    3680,
    4100,     800,   25600,    3100,     800,    4360,     920,   25940,    3780,     820,
    4100,    3300,   26100,    4300,    4100,    4440,    3540,   25780,    3820,    4060,
    3900,     800,   25600,    1000,    1000,    4520,     900,   25900,     860,     940,
    1300,    3400,   26200,     700,    1000,    1180,    4200,   26120,     760,     960,
    4600,    3800,   26100,    2900,     800,    4560,    3780,   25860,    2980,     880,
    1100,    3400,   25600,    3100,    3100,    1140,    4000,   25800,    3100,    2920,
    1100,    3400,   26100,    4100,    4300,    1080,    4200,   25820,    3380,    3200,
     800,     800,   25900,    3300,    4400,    1000,     840,   25860,    3680,    4220,
    4900,     700,   26100,    3100,     800,    4640,     900,   26100,    3180,     860,
    1100,    3600,   25900,     800,    4800,    1080,    3880,   25840,     800,    4280,
    4800,    3300,   25400,    3900,    2600,    4560,    3960,   25540,    3740,    3560,
    4800,    3900,   25400,    2900,    1000,    4600,    3840,   25580,    3740,     800,
    1100,    3100,   25600,    4300,    4100,    1120,    3700,   25820,    4220,    4000,
    4100,    4800,   26200,    3100,    2800,    4360,    4080,   25940,    3640,    3480,
    1100,    3400,   26200,    2900,    1000,    1120,    3820,   26020,    3460,     940,
    4300,     700,   26200,    3400,    2600,    4280,     940,   25900,    3640,    3800,
    5100,    3600,   25900,     700,    4600,    4800,    3740,   25940,     780,    3980,
    3900,    3800,   25400,    3400,    1000,    4420,    4000,   25800,    3340,     900,
    4400,    5100,   26200,    1000,     700,    4280,    4120,   26040,     860,     880,
    4100,    5100,   25700,     700,    4100,    4180,    4220,   25940,     800,    4100,
    4300,    4800,   25900,     700,    1000,    4260,    4100,   25880,    1760,     820,
    4600,    3400,   25400,    3100,     700,    4600,    3560,   25800,    3720,     780,
    1100,    4900,   25900,    4300,    4100,    1100,    3880,   25940,    3680,    3040,
    4600,    3400,   26100,    3900,    2500,    4560,    3480,   25980,    4100,    3880,
    4800,    3100,   25700,    4300,    5200,    4520,    2940,   25480,    4580,    4480,
    4800,    5400,   25900,     700,     800,    4640,    4160,   25940,     800,     800,
    1100,    3600,   26200,     800,    3100,     940,    4180,   26140,     780,    3900,
    4800,    1000,   25600,    3100,     700,    4440,     960,   25800,    3900,     840,
    4800,    3800,   25700,    4800,    5100,    4780,    3700,   25680,    4840,    4120,
    4800,    3400,   25200,    3800,    4300,    4760,    3580,   25380,    3780,    3900,
    1000,    1000,   25400,    4300,    3900,    1020,     900,   25920,    4080,    3600,
    4300,    1000,   26100,    4300,    4100,    4440,    1020,   26080,    3260,    3140,
    4400,    3600,   26100,    2900,    2600,    4400,    3600,   26000,    3620,    3500,
    4100,    3400,   25400,    4100,     700,    4420,    3900,   25900,    3340,     860,
     800,    4100,   25900,    4100,     700,    1060,    4520,   26100,    3540,     840,
    4800,    4100,   26200,    1000,     700,    4580,    3540,   25940,     880,     840,
    1100,    3100,   25600,     800,    4100,    1100,    3600,   25900,     860,    3940,
    1100,    4600,   26100,    3900,     700,    1140,    2320,   25980,    3560,     860,
    4400,    3900,   26100,    3100,    3900,    4420,    4220,   26060,    3100,    3120,
    4600,    5200,   25400,    4300,     800,    4660,    4020,   25740,    3540,     820,
    4400,    3400,   26100,     800,    4600,    4500,    3600,   25940,     820,    4260,
    1100,    4100,   26100,    2900,    2600,    1140,    3740,   26020,    3300,    2900,
    1500,     800,   26200,     800,    4400,    1140,     920,   26020,     820,    3280,
    4100,    1000,   26100,    3100,     800,    4260,     900,   25840,    3600,     880,
    1300,    4900,   25900,    2900,     800,    1140,    4300,   26020,    3360,     800,
    3900,    3900,   25700,     800,    1000,    4180,    3740,   25800,     780,     860,
    1100,    3100,   25600,    3900,    3900,    1040,    3680,   25900,    3420,    3040,
    4100,    1000,   26100,    2900,    2800,    4240,     980,   25920,    3260,    3320,
    4800,    1000,   26200,    2900,     800,    4440,     940,   26060,    3240,     880,
    4300,    1000,   26200,    3100,    4300,    4380,     960,   26120,    3500,    3880,
    1000,    3600,   26100,     800,    4600,     980,    3920,   26080,     820,    3180,
    4100,    5100,   25600,     700,    1000,    4400,    4440,   25820,     760,    1000,
    4900,    1000,   25700,    4100,    1000,    4580,     980,   25820,    3440,     940,
    4400,    3400,   25600,    4100,    2900,    4340,    4160,   25820,    3640,    3340